35 36 1
126 36 2
143 36 2
45 46 1
99 36 2
117 36 2
55 36 2
88 53 2
140 36 2
75 37 2
138 36 1
130 36 2
110 111 2
13 14 1
51 52 2
137 36 2
141 36 2
139 36 2
101 102 1
58 59 1
9 10 2
128 36 2
17 18 2
131 132 2
19 20 2
19 25 2
89 90 2
105 42 2
105 36 2
11 12 2
100 36 2
106 73 1
127 36 2
28 29 1
103 104 1
133 36 2
5 6 2
129 36 2
15 16 2
1 2 1
53 76 2
53 94 1
53 54 2
47 36 2
97 98 1
107 108 2
83 84 2
23 24 2
30 31 2
30 50 2
21 22 1
65 66 1
65 77 2
64 36 2
26 27 1
112 113 2
115 116 2
34 22 2
142 36 2
135 36 2
118 36 2
85 86 1
3 4 2
48 36 2
91 92 1
49 36 1
40 41 2
7 8 2
119 120 1
93 30 2
71 36 2
95 96 1
78 36 2
81 36 2
81 82 1
79 80 1
125 36 2
42 36 2
87 36 2
114 36 2
43 44 1
121 122 1
37 57 1
37 38 2
37 68 2
37 74 2
37 56 2
32 33 1
134 36 2
60 61 2
109 37 2
109 144 2
69 70 2
36 39 1
123 124 1
62 63 2
67 36 1
136 36 2
72 73 2
515 516 2
582 583 1
499 517 1
499 470 2
565 566 1
550 545 2
498 543 2
498 456 1
547 540 1
454 506 2
464 465 1
551 557 1
551 552 2
484 485 2
518 482 2
523 524 1
479 480 2
579 580 2
581 465 2
504 505 2
558 559 2
507 508 1
466 467 2
546 540 1
586 587 2
560 513 2
575 576 2
492 493 2
541 509 1
548 549 2
539 540 2
567 502 2
537 538 1
555 556 1
497 519 1
442 443 1
496 487 2
496 530 1
496 497 1
496 510 1
496 513 1
496 592 2
481 482 1
577 508 2
525 526 2
448 449 2
448 472 2
502 503 1
511 512 1
562 558 2
532 533 1
563 564 2
455 456 2
457 458 2
468 469 1
584 585 2
494 495 1
462 463 2
445 450 2
444 450 1
444 445 1
534 505 2
588 589 1
593 594 1
477 478 2
528 454 2
531 496 2
376 377 2
460 489 1
460 461 2
570 571 2
470 471 2
483 470 1
473 454 2
473 474 1
509 510 1
509 488 2
509 513 1
527 444 2
490 491 2
542 450 2
542 543 2
568 569 1
553 554 1
514 463 1
475 476 1
463 501 2
463 529 2
463 500 1
446 447 1
522 521 2
522 572 2
561 522 2
486 487 2
486 488 2
459 450 1
544 545 2
590 591 1
573 574 1
573 578 1
453 454 2
535 536 2
520 521 2
451 452 1
1 298 2
2 299 2
3 300 2
4 301 2
5 302 2
6 303 2
7 304 2
8 305 2
9 306 2
10 307 2
11 308 2
12 309 2
13 310 2
14 311 2
15 312 2
16 313 2
17 314 2
18 315 2
19 316 2
20 317 2
21 318 2
22 319 2
23 320 2
24 321 2
25 322 2
26 323 2
27 324 2
28 325 2
29 326 2
30 327 2
31 328 2
32 329 2
33 330 2
34 331 2
35 332 2
36 333 2
37 334 2
38 335 2
39 336 2
40 337 2
41 338 2
42 339 2
43 340 2
44 341 2
45 342 2
46 343 2
47 344 2
48 345 2
49 346 2
50 347 2
51 348 2
52 349 2
53 350 2
54 351 2
55 352 2
56 353 2
57 354 2
58 355 2
59 356 2
60 357 2
61 358 2
62 359 2
63 360 2
64 361 2
65 362 2
66 363 2
67 364 2
68 365 2
69 366 2
70 367 2
71 368 2
72 369 2
73 370 2
74 371 2
75 372 2
76 373 2
77 374 2
78 375 2
79 376 2
80 377 2
81 378 2
82 379 2
83 380 2
84 381 2
85 382 2
86 383 2
87 384 2
88 385 2
89 386 2
90 387 2
91 388 2
92 389 2
93 390 2
94 391 2
95 392 2
96 393 2
97 394 2
98 395 2
99 396 2
100 397 2
101 398 2
102 399 2
103 400 2
104 401 2
105 402 2
106 403 2
107 404 2
108 405 2
109 406 2
110 407 2
111 408 2
112 409 2
113 410 2
114 411 2
115 412 2
116 413 2
117 414 2
118 415 2
119 416 2
120 417 2
121 418 2
122 419 2
123 420 2
124 421 2
125 422 2
126 423 2
127 424 2
128 425 2
129 426 2
130 427 2
131 428 2
132 429 2
133 430 2
134 431 2
135 432 2
136 433 2
137 434 2
138 435 2
139 436 2
140 437 2
141 438 2
142 439 2
143 440 2
144 441 2
145 442 2
146 443 2
147 444 2
148 445 2
149 446 2
150 447 2
151 448 2
152 449 2
153 450 2
154 451 2
155 452 2
156 453 2
157 454 2
158 455 2
159 456 2
160 457 2
161 458 2
162 459 2
163 460 2
164 461 2
165 462 2
166 463 2
167 464 2
168 465 2
169 466 2
170 467 2
171 468 2
172 469 2
173 470 2
174 471 2
175 472 2
176 473 2
177 474 2
178 475 2
179 476 2
180 477 2
181 478 2
182 479 2
183 480 2
184 481 2
185 482 2
186 483 2
187 484 2
188 485 2
189 486 2
190 487 2
191 488 2
192 489 2
193 490 2
194 491 2
195 492 2
196 493 2
197 494 2
198 495 2
199 496 2
200 497 2
201 498 2
202 499 2
203 500 2
204 501 2
205 502 2
206 503 2
207 504 2
208 505 2
209 506 2
210 507 2
211 508 2
212 509 2
213 510 2
214 511 2
215 512 2
216 513 2
217 514 2
218 515 2
219 516 2
220 517 2
221 518 2
222 519 2
223 520 2
224 521 2
225 522 2
226 523 2
227 524 2
228 525 2
229 526 2
230 527 2
231 528 2
232 529 2
233 530 2
234 531 2
235 532 2
236 533 2
237 534 2
238 535 2
239 536 2
240 537 2
241 538 2
242 539 2
243 540 2
244 541 2
245 542 2
246 543 2
247 544 2
248 545 2
249 546 2
250 547 2
251 548 2
252 549 2
253 550 2
254 551 2
255 552 2
256 553 2
257 554 2
258 555 2
259 556 2
260 557 2
261 558 2
262 559 2
263 560 2
264 561 2
265 562 2
266 563 2
267 564 2
268 565 2
269 566 2
270 567 2
271 568 2
272 569 2
273 570 2
274 571 2
275 572 2
276 573 2
277 574 2
278 575 2
279 576 2
280 577 2
281 578 2
282 579 2
283 580 2
284 581 2
285 582 2
286 583 2
287 584 2
288 585 2
289 586 2
290 587 2
291 588 2
292 589 2
293 590 2
294 591 2
295 592 2
296 593 2
297 594 2
