1	1_	1	0
2	2_	1	0
3	3_	1	0
3	5_	129	114
3	6_	0	1
3	24_	0	1
3	32_	0	1
3	36_	1	0
3	45_	1	0
3	46_	0	1
3	65_	0	1
3	69_	0	1
3	72_	1	0
3	73_	0	1
3	79_	0	1
3	87_	1	0
3	88_	0	1
3	91_	1	0
3	108_	0	1
3	110_	1	0
3	119_	0	1
3	128_	1	0
3	133_	3	0
3	136_	1	0
3	137_	0	1
3	141_	0	1
3	157_	0	1
3	162_	1	0
3	166_	1	0
3	169_	0	1
3	171_	1	0
3	189_	3	1
3	206_	1	0
3	216_	0	1
3	227_	1	0
3	228_	1	0
3	238_	1	0
3	259_	1	0
3	263_	1	0
3	272_	1	1
3	273_	1	0
3	274_	0	1
3	283_	1	0
3	301_	1	0
3	309_	1	0
3	317_	0	1
3	327_	1	0
3	330_	1	0
3	331_	1	0
3	336_	1	0
3	343_	0	1
3	346_	1	0
3	347_	1	1
3	349_	1	0
3	353_	0	1
3	354_	0	1
3	358_	2	0
3	366_	0	2
3	381_	1	0
3	383_	1	0
3	385_	1	0
3	387_	0	2
3	390_	0	1
3	395_	1	0
3	398_	1	0
3	401_	1	0
3	406_	1	0
3	408_	1	0
3	417_	0	1
3	420_	0	1
3	466_	1	0
3	478_	1	0
3	484_	0	1
3	490_	1	0
3	497_	0	1
3	499_	0	1
3	509_	0	1
3	510_	1	0
3	518_	0	1
3	519_	1	0
3	532_	0	1
3	533_	1	0
3	534_	1	1
3	535_	0	1
3	536_	1	0
3	541_	0	1
3	548_	1	0
3	563_	0	1
3	568_	0	1
3	569_	1	0
3	573_	0	1
3	575_	0	1
3	584_	0	1
3	597_	0	1
3	600_	0	1
3	618_	0	1
3	626_	0	1
3	631_	1	0
3	646_	0	1
3	650_	1	0
3	651_	0	1
3	652_	1	0
3	663_	1	0
3	670_	0	1
3	678_	0	1
3	686_	1	0
3	696_	1	0
3	698_	0	1
3	706_	1	0
3	707_	0	2
3	711_	1	0
3	713_	0	1
3	716_	1	0
3	719_	1	0
3	736_	1	0
3	738_	1	0
3	739_	0	1
3	744_	1	0
3	751_	0	1
3	759_	0	1
3	763_	1	1
3	773_	1	0
3	782_	0	1
3	783_	0	1
3	785_	1	0
3	787_	1	0
3	794_	0	1
3	798_	0	1
3	799_	0	1
3	820_	0	1
3	821_	0	1
3	827_	1	0
3	835_	1	0
3	838_	1	0
3	841_	0	1
3	843_	0	1
3	847_	2	1
3	848_	1	0
3	854_	1	0
3	864_	1	0
3	881_	0	1
3	885_	1	0
3	886_	0	1
3	910_	0	1
3	917_	0	1
3	918_	0	1
3	919_	0	1
3	924_	0	1
3	926_	1	0
3	927_	1	0
3	929_	0	2
3	939_	1	0
3	946_	0	1
3	947_	0	1
3	952_	0	1
3	953_	0	1
3	965_	0	1
3	967_	1	0
3	981_	0	1
3	988_	0	1
3	989_	0	1
3	990_	1	0
3	992_	1	0
3	993_	0	1
3	996_	1	0
3	997_	1	0
3	999_	0	1
3	1005_	1	0
3	1009_	1	0
3	1017_	1	0
3	1028_	1	0
3	1049_	0	1
3	1056_	1	0
3	1059_	0	1
3	1060_	1	0
3	1062_	0	1
3	1063_	0	1
3	1067_	1	0
3	1072_	1	0
3	1073_	1	0
3	1079_	1	0
3	1086_	0	1
3	1089_	1	1
3	1091_	0	1
3	1093_	1	0
3	1104_	1	0
3	1105_	2	1
3	1111_	1	0
3	1115_	1	0
3	1118_	0	1
3	1119_	1	0
3	1121_	0	1
3	1123_	0	1
3	1129_	0	1
3	1130_	0	1
3	1135_	0	1
3	1137_	0	1
3	1143_	1	1
3	1144_	0	1
3	1147_	0	1
3	1148_	1	0
3	1152_	0	1
3	1160_	0	1
3	1161_	1	0
3	1162_	1	0
3	1165_	0	1
3	1167_	1	0
3	1176_	0	1
3	1195_	0	1
3	1197_	1	0
3	1198_	0	1
3	1204_	3	2
3	1211_	1	0
3	1213_	1	0
3	1220_	0	1
3	1261_	1	0
3	1263_	2	0
3	1271_	1	0
3	1279_	1	0
3	1287_	2	0
3	1300_	1	0
3	1312_	0	1
3	1324_	1	0
3	1325_	0	1
3	1330_	1	0
3	1332_	1	0
3	1356_	1	0
3	1363_	1	0
3	1366_	1	0
3	1401_	0	1
3	1404_	0	1
3	1405_	0	1
3	1415_	1	0
3	1442_	0	1
3	1451_	0	1
3	1460_	0	1
3	1463_	1	0
3	1465_	1	0
3	1476_	0	1
3	1479_	1	0
3	1480_	1	0
3	1482_	0	1
3	1497_	1	0
3	1498_	1	0
3	1499_	0	1
3	1506_	1	0
3	1510_	1	0
3	1511_	0	1
3	1513_	1	0
3	1515_	1	0
3	1518_	1	0
3	1525_	1	0
3	1556_	1	0
3	1559_	0	1
3	1561_	1	0
3	1564_	0	1
3	1565_	0	1
3	1570_	1	0
3	1574_	1	0
3	1590_	1	0
3	1600_	0	1
3	1606_	1	0
3	1622_	0	1
3	1625_	0	1
3	1626_	0	1
3	1627_	0	1
3	1628_	0	1
3	1636_	0	1
3	1649_	1	0
3	1651_	1	0
3	1653_	0	1
3	1654_	1	0
3	1656_	1	0
3	1658_	0	1
3	1660_	1	0
3	1665_	0	1
3	1666_	1	0
3	1686_	0	1
3	1695_	0	1
3	1711_	1	0
3	1712_	1	0
3	1713_	1	0
3	1716_	1	0
3	1718_	1	0
3	1719_	1	0
3	1720_	0	2
3	1726_	0	1
3	1728_	1	0
3	1729_	1	0
3	1733_	0	1
3	1742_	0	1
3	1744_	0	1
3	1749_	1	0
3	1756_	0	1
3	1766_	1	0
3	1774_	1	0
3	1781_	1	0
3	1783_	1	0
3	1786_	0	1
3	1794_	0	2
3	1812_	0	1
3	1814_	0	1
3	1822_	1	0
3	1830_	0	1
3	1833_	0	1
3	1842_	0	1
3	1852_	1	0
3	1853_	0	1
3	1859_	1	0
3	1864_	1	0
3	1866_	1	0
3	1870_	0	1
3	1871_	1	0
3	1873_	0	1
3	1878_	1	0
3	1879_	1	0
3	1880_	0	1
3	1886_	0	1
3	1911_	0	1
3	1916_	1	0
3	1930_	0	1
3	1938_	0	1
3	1945_	1	0
3	1948_	1	0
3	1953_	0	1
3	1958_	1	0
3	1960_	1	0
3	1967_	1	0
3	1975_	1	0
3	1986_	1	0
3	2000_	1	0
3	2001_	0	1
3	2004_	0	1
3	2009_	0	1
3	2010_	1	0
3	2012_	1	0
3	2035_	1	0
3	2046_	0	1
3	2047_	1	0
3	2058_	1	0
3	2066_	1	0
3	2091_	1	0
3	2092_	1	0
3	2093_	0	1
3	2094_	1	0
3	2095_	0	2
3	2098_	0	1
3	2102_	0	1
3	2111_	1	0
3	2113_	0	1
3	2114_	1	0
3	2120_	0	1
3	2125_	0	1
3	2126_	0	1
3	2132_	1	0
3	2157_	0	1
3	2159_	1	0
3	2170_	0	1
3	2172_	1	0
3	2173_	1	0
3	2174_	0	1
3	2201_	0	1
3	2207_	0	1
3	2259_	1	0
3	2261_	1	0
3	2264_	0	1
3	2265_	1	0
3	2268_	0	1
3	2277_	1	0
3	2279_	1	0
3	2290_	0	1
3	2297_	0	1
3	2304_	0	1
3	2323_	1	0
3	2331_	0	1
3	2347_	1	0
3	2356_	0	1
3	2365_	0	1
3	2379_	1	0
3	2380_	0	1
3	2392_	0	1
3	2401_	1	0
3	2404_	0	1
3	2410_	0	1
3	2412_	1	0
3	2420_	0	1
3	2436_	1	0
3	2442_	0	1
3	2462_	1	0
3	2467_	0	1
3	2470_	1	0
3	2477_	0	1
3	2484_	0	1
3	2486_	1	0
3	2492_	1	0
3	2494_	0	1
3	2504_	0	1
3	2520_	1	0
3	2527_	1	0
3	2528_	0	1
3	2532_	0	1
3	2534_	1	0
3	2535_	1	0
3	2539_	0	1
3	2551_	0	1
3	2560_	0	1
3	2563_	0	1
3	2572_	1	0
3	2575_	1	0
3	2576_	0	1
3	2591_	0	1
3	2594_	0	1
3	2600_	1	0
3	2605_	1	0
3	2622_	1	0
3	2624_	1	0
3	2625_	1	0
3	2634_	0	1
3	2644_	0	1
3	2646_	0	1
3	2658_	0	1
3	2675_	0	1
3	2676_	0	1
3	2677_	0	1
3	2689_	0	1
3	2692_	1	0
3	2693_	1	0
3	2695_	1	0
3	2696_	1	0
3	2706_	1	0
3	2712_	0	1
3	2714_	0	1
3	2718_	1	0
3	2720_	1	0
3	2728_	0	1
3	2740_	0	1
3	2744_	1	0
3	2745_	0	1
3	2751_	1	0
3	2753_	0	1
3	2785_	0	1
3	2800_	0	1
3	2802_	0	1
3	2814_	1	0
3	2818_	0	1
3	2821_	0	1
3	2825_	0	1
3	2826_	1	0
3	2832_	1	0
3	2835_	0	1
3	2844_	0	1
3	2846_	1	0
3	2847_	0	1
3	2856_	0	1
3	2859_	0	1
3	2861_	1	0
3	2862_	1	0
3	2863_	0	1
3	2867_	0	1
3	2878_	1	0
3	2882_	2	0
3	2884_	1	0
3	2887_	0	1
3	2889_	0	1
3	2892_	1	0
3	2894_	0	1
3	2908_	0	1
3	2932_	0	1
3	2974_	0	1
3	2978_	1	0
3	2992_	1	0
3	2994_	0	1
3	3006_	0	1
3	3015_	0	1
3	3024_	0	1
3	3047_	1	0
3	3053_	0	1
3	3058_	1	0
3	3059_	1	0
3	3061_	0	1
3	3068_	0	1
3	3076_	0	1
3	3099_	0	1
3	3111_	0	1
3	3113_	0	1
3	3114_	0	1
3	3118_	0	1
3	3127_	1	0
3	3142_	1	0
3	3146_	1	0
3	3151_	0	1
3	3153_	0	1
3	3159_	0	1
3	3167_	1	0
3	3169_	1	0
3	3172_	0	1
3	3174_	1	0
3	3175_	1	0
3	3187_	1	0
3	3190_	0	1
3	3197_	0	1
3	3202_	1	0
3	3217_	0	1
3	3220_	0	1
3	3223_	0	1
3	3224_	0	1
3	3230_	1	0
3	3231_	1	0
3	3250_	1	0
3	3256_	1	0
3	3271_	1	0
3	3282_	1	0
3	3288_	1	0
3	3300_	0	1
3	3303_	1	0
3	3320_	0	1
3	3328_	0	1
3	3341_	1	0
3	3345_	1	0
3	3349_	1	0
3	3359_	1	0
3	3369_	0	1
3	3371_	0	1
3	3380_	1	0
3	3387_	0	1
3	3396_	0	1
3	3397_	1	0
3	3401_	0	1
3	3404_	0	1
3	3423_	0	1
3	3424_	1	0
3	3425_	1	0
3	3426_	1	0
3	3429_	0	1
3	3434_	0	1
3	3435_	0	1
3	3437_	1	0
3	3452_	0	1
3	3456_	1	0
3	3460_	0	1
3	3461_	0	1
3	3462_	0	1
3	3464_	0	1
3	3466_	1	0
3	3467_	1	0
3	3471_	0	1
3	3474_	1	0
3	3480_	0	1
3	3486_	1	0
3	3488_	1	0
3	3505_	0	1
3	3509_	1	0
3	3515_	1	0
3	3516_	1	0
3	3517_	1	0
3	3528_	0	1
3	3530_	1	0
3	3532_	0	1
3	3544_	0	1
3	3548_	0	1
3	3551_	1	0
3	3555_	0	1
3	3559_	1	0
3	3564_	1	0
3	3572_	0	1
3	3576_	1	0
3	3581_	1	0
3	3586_	0	1
3	3588_	0	1
3	3612_	0	1
3	3621_	1	0
3	3622_	0	1
3	3623_	1	0
3	3629_	0	1
3	3636_	0	1
3	3643_	0	1
3	3644_	0	1
3	3646_	0	1
3	3652_	0	1
3	3653_	0	1
3	3657_	0	1
3	3659_	1	0
3	3673_	0	1
3	3674_	1	0
3	3681_	0	1
3	3685_	0	1
3	3687_	1	0
3	3703_	0	1
3	3707_	1	0
3	3708_	0	1
3	3719_	0	1
3	3729_	1	0
3	3756_	1	0
3	3764_	1	0
3	3768_	1	0
3	3773_	1	0
3	3781_	1	0
3	3787_	1	0
3	3794_	1	0
3	3804_	1	0
3	3810_	0	1
3	3814_	1	0
3	3820_	0	1
3	3826_	0	1
3	3829_	1	0
3	3833_	0	1
3	3836_	1	0
3	3840_	0	1
3	3845_	0	1
3	3853_	0	1
3	3856_	1	0
3	3859_	1	0
3	3864_	0	1
3	3884_	0	1
3	3911_	1	0
3	3919_	1	0
3	3920_	0	1
3	3921_	0	1
3	3932_	1	0
3	3940_	1	0
3	3943_	0	1
3	3944_	0	1
3	3947_	0	1
3	3949_	1	0
3	3950_	0	1
3	3951_	1	0
3	3952_	1	0
3	3961_	1	0
3	3963_	1	0
3	3969_	0	1
3	3973_	0	1
3	3977_	0	1
3	3978_	0	1
3	3980_	1	0
3	3984_	0	1
3	3985_	0	1
3	3988_	1	0
3	4010_	0	1
3	4014_	0	1
3	4019_	0	1
3	4025_	1	0
3	4027_	0	1
3	4028_	1	0
3	4029_	1	0
3	4059_	1	0
3	4063_	1	0
3	4064_	0	1
3	4080_	0	1
3	4082_	1	0
3	4083_	0	1
3	4111_	1	0
3	4120_	0	1
3	4122_	0	1
3	4134_	0	1
3	4137_	1	0
3	4138_	0	1
3	4159_	1	0
3	4162_	0	1
3	4164_	1	0
3	4165_	0	1
3	4179_	0	1
3	4182_	0	1
3	4193_	1	0
3	4194_	0	1
3	4207_	0	1
3	4208_	1	0
3	4215_	0	1
3	4238_	1	0
3	4255_	1	0
3	4256_	0	1
3	4257_	0	1
4	4_	1	0
5	5_	1	0
6	6_	1	0
7	7_	1	0
8	8_	1	0
9	5_	1	0
10	9_	1	0
11	10_	1	0
12	11_	1	0
13	5_	0	1
14	12_	1	0
15	13_	1	0
16	14_	1	0
17	5_	1	0
18	15_	1	0
18	1204_	1	0
19	16_	1	0
20	5_	0	1
21	17_	1	0
22	18_	1	0
23	19_	1	0
24	20_	1	0
25	21_	1	0
26	5_	1	0
27	5_	1	0
28	22_	1	0
29	23_	1	0
30	25_	1	0
31	26_	1	0
32	27_	1	0
32	2529_	0	1
33	28_	1	0
34	29_	1	0
35	30_	1	0
36	31_	1	0
37	33_	1	0
37	3738_	0	1
38	34_	1	0
39	35_	1	0
40	37_	1	0
41	38_	1	0
42	5_	1	0
43	39_	1	0
44	40_	1	0
45	5_	1	0
45	41_	1	0
46	42_	1	0
47	43_	1	0
48	44_	1	0
49	47_	1	0
50	48_	1	0
51	49_	1	0
52	50_	1	0
53	51_	1	0
53	53_	1	0
53	1524_	0	1
53	2276_	0	1
54	52_	1	0
55	54_	1	0
56	5_	1	0
57	5_	1	0
58	55_	1	0
59	56_	1	0
60	5_	0	1
61	57_	1	0
62	58_	1	0
63	59_	1	0
64	60_	1	0
65	61_	1	0
66	62_	1	0
67	63_	1	0
68	64_	1	0
69	5_	1	0
70	5_	1	0
71	66_	1	0
72	67_	1	0
73	68_	1	0
74	70_	1	0
75	71_	1	0
76	5_	1	0
77	74_	1	0
78	75_	1	0
79	76_	1	0
80	77_	1	0
81	5_	1	0
82	78_	1	0
83	5_	1	0
84	80_	1	0
85	81_	1	0
86	82_	1	0
87	83_	1	0
88	84_	1	0
89	85_	1	0
90	86_	1	0
91	89_	1	0
92	90_	1	0
93	92_	1	0
94	93_	1	0
95	94_	1	0
96	95_	1	0
97	96_	1	0
98	97_	1	0
99	98_	1	0
100	99_	1	0
101	100_	1	0
102	5_	2	2
102	2169_	0	1
102	2732_	1	0
103	101_	1	0
104	5_	1	0
105	102_	1	0
106	5_	0	1
107	103_	1	0
108	5_	1	0
109	104_	1	0
110	105_	1	0
111	106_	1	0
112	107_	1	0
113	109_	1	0
114	5_	1	0
115	5_	0	1
116	111_	1	0
117	112_	1	0
118	113_	1	0
119	114_	1	0
120	5_	1	0
121	115_	1	0
122	5_	1	0
123	116_	1	0
124	117_	1	0
125	5_	0	1
126	118_	1	0
127	5_	0	1
128	5_	1	0
129	120_	1	0
130	5_	0	1
131	121_	1	0
132	122_	1	0
133	123_	1	0
134	124_	1	0
135	125_	1	0
136	126_	1	0
136	672_	1	0
136	2357_	1	0
136	2358_	1	0
137	5_	0	3
138	127_	1	0
139	5_	0	1
140	5_	1	1
141	129_	1	0
142	130_	1	0
143	5_	0	1
144	131_	1	0
145	5_	1	0
146	132_	1	0
147	134_	1	0
148	135_	1	0
149	5_	1	0
150	138_	1	0
151	139_	1	0
152	140_	1	0
153	142_	1	0
154	143_	1	0
155	5_	1	0
156	144_	1	0
157	145_	1	0
158	146_	1	0
158	3034_	1	0
158	3039_	1	0
158	4020_	0	1
159	147_	1	0
160	148_	1	0
161	149_	1	0
162	150_	1	0
163	151_	1	0
164	152_	1	0
165	153_	1	0
166	154_	1	0
167	5_	0	1
168	155_	1	0
169	156_	1	0
170	5_	1	0
171	5_	0	1
172	5_	1	0
173	158_	1	0
174	159_	1	0
175	160_	1	0
176	161_	1	0
177	163_	1	0
178	164_	1	0
179	165_	1	0
180	167_	1	0
181	168_	1	0
182	5_	1	0
183	170_	1	0
183	1084_	0	1
184	172_	1	0
185	173_	1	0
186	174_	1	0
187	175_	1	0
188	176_	1	0
189	177_	1	0
190	178_	1	0
191	179_	1	0
192	180_	1	0
193	181_	1	0
194	5_	1	0
195	182_	1	0
196	5_	1	2
196	183_	1	0
196	4068_	1	0
197	5_	1	0
198	5_	0	1
199	184_	1	0
200	185_	1	0
201	5_	5	5
201	186_	1	0
201	588_	0	1
201	1666_	1	0
201	4038_	0	1
202	5_	0	1
203	5_	1	1
204	5_	1	0
205	5_	1	0
206	187_	1	0
207	188_	1	0
208	189_	1	0
209	5_	1	1
210	190_	1	0
211	191_	1	0
212	5_	0	1
213	192_	1	0
214	5_	1	0
215	5_	1	0
216	193_	1	0
217	193_	1	0
218	5_	0	1
219	194_	1	0
220	195_	1	0
221	196_	1	0
222	193_	1	0
223	5_	0	1
224	197_	1	0
225	5_	0	1
225	371_	1	0
225	372_	1	0
225	2313_	0	1
226	198_	1	0
227	199_	1	0
228	200_	1	0
229	201_	1	0
230	202_	1	0
231	203_	1	0
232	204_	1	0
233	205_	1	0
234	207_	1	0
235	208_	1	0
236	5_	0	1
237	209_	1	0
238	210_	1	0
239	211_	1	0
240	212_	1	0
241	213_	1	0
242	5_	0	1
243	214_	1	0
244	215_	1	0
245	5_	1	0
246	217_	1	0
247	218_	1	0
248	5_	2	0
248	219_	1	0
249	220_	1	0
250	221_	1	0
251	5_	0	2
251	189_	0	1
251	222_	1	0
251	904_	1	1
251	3953_	0	1
252	223_	1	0
253	224_	1	0
254	225_	1	0
255	226_	1	0
256	5_	0	2
257	5_	0	1
258	5_	0	1
259	229_	1	0
260	230_	1	0
261	231_	1	0
262	232_	1	0
263	5_	1	0
264	233_	1	0
265	234_	1	0
266	5_	1	0
267	235_	1	0
268	236_	1	0
269	56_	0	1
270	237_	1	0
271	5_	1	0
272	237_	0	1
273	5_	0	1
274	239_	1	0
275	240_	1	0
276	241_	1	0
277	5_	1	0
278	5_	0	1
279	242_	1	0
280	243_	1	0
281	244_	1	0
282	5_	0	1
283	5_	1	0
284	5_	0	1
285	5_	1	3
286	245_	1	0
287	246_	1	0
288	247_	1	0
289	5_	0	1
290	189_	0	1
291	248_	1	0
292	249_	1	0
293	250_	1	0
293	2420_	0	2
294	251_	1	0
295	252_	1	0
296	5_	0	1
297	5_	1	0
298	253_	1	0
299	254_	1	0
300	5_	1	1
300	1315_	0	1
300	2667_	0	1
301	255_	1	0
302	5_	0	1
303	5_	0	1
304	256_	1	0
305	257_	1	0
306	258_	1	0
307	5_	1	0
308	260_	1	0
309	5_	1	0
309	261_	1	0
310	262_	1	0
311	264_	1	0
312	265_	1	0
313	5_	1	0
314	266_	1	0
315	267_	1	0
316	268_	1	0
317	269_	1	0
318	270_	1	0
319	271_	1	0
320	5_	1	0
321	275_	1	0
322	5_	1	0
323	5_	0	1
324	276_	1	0
325	5_	0	1
325	277_	1	0
326	278_	1	0
327	279_	1	0
328	280_	1	0
329	281_	1	0
330	282_	1	0
331	5_	0	1
332	5_	0	2
333	284_	1	0
334	285_	1	0
335	286_	1	0
336	287_	1	0
337	288_	1	0
338	289_	1	0
339	290_	1	0
340	291_	1	0
341	292_	1	0
342	293_	1	0
343	294_	1	0
344	295_	1	0
345	296_	1	0
346	297_	1	0
347	5_	0	1
348	5_	0	1
348	298_	1	0
349	299_	1	0
350	300_	1	0
351	302_	1	0
352	303_	1	0
353	304_	1	0
354	305_	1	0
355	306_	1	0
356	307_	1	0
357	5_	0	1
357	308_	1	0
357	2806_	0	1
358	310_	1	0
359	311_	1	0
360	5_	1	0
361	312_	1	0
362	313_	1	0
363	314_	1	0
364	315_	1	0
365	316_	1	0
366	5_	1	0
367	5_	0	1
368	318_	1	0
369	319_	1	0
370	320_	1	0
371	321_	1	0
372	322_	1	0
373	5_	0	1
374	323_	1	0
375	324_	1	0
376	325_	1	0
377	326_	1	0
378	328_	1	0
379	5_	0	1
380	5_	1	0
380	1101_	1	0
381	329_	1	0
382	5_	0	1
383	332_	1	0
383	2090_	1	0
384	333_	1	0
385	5_	0	1
386	334_	1	0
387	335_	1	0
388	5_	0	1
389	5_	1	0
390	337_	1	0
391	5_	0	1
391	1657_	1	0
392	5_	0	1
393	338_	1	0
394	5_	1	0
395	339_	1	0
396	340_	1	0
397	341_	1	0
398	5_	0	1
398	312_	1	0
399	342_	1	0
400	344_	1	0
401	5_	0	1
402	345_	1	0
403	5_	0	1
404	5_	0	1
405	348_	1	0
406	350_	1	0
407	351_	1	0
408	352_	1	0
409	5_	1	0
410	354_	1	0
411	5_	1	0
412	355_	1	0
413	5_	1	0
414	356_	1	0
415	357_	1	0
416	359_	1	0
417	5_	1	0
418	360_	1	0
419	361_	1	0
419	405_	0	1
420	362_	1	0
421	363_	1	0
422	364_	1	0
423	365_	1	0
424	367_	1	0
425	5_	1	0
426	368_	1	0
427	5_	1	0
428	369_	1	0
429	370_	1	0
430	312_	1	0
431	5_	1	0
432	373_	1	0
433	374_	1	0
434	5_	1	0
435	375_	1	0
436	376_	1	0
437	377_	1	0
438	378_	1	0
439	379_	1	0
440	5_	0	1
440	2166_	0	1
440	2823_	1	0
440	4106_	1	0
441	380_	1	0
442	5_	1	1
443	382_	1	0
444	5_	1	0
445	384_	1	0
446	5_	0	1
447	386_	1	0
448	5_	0	1
448	3813_	1	0
449	388_	1	0
450	389_	1	0
451	391_	1	0
452	392_	1	0
453	393_	1	0
454	394_	1	0
455	396_	1	0
456	397_	1	0
457	5_	1	0
458	5_	0	1
459	5_	0	1
460	399_	1	0
461	400_	1	0
462	402_	1	0
463	403_	1	0
464	404_	1	0
465	5_	0	1
466	407_	1	0
467	5_	1	0
468	5_	1	1
468	809_	0	1
468	2747_	1	0
469	5_	1	0
470	409_	1	0
471	410_	1	0
472	411_	1	0
473	412_	1	0
474	413_	1	0
475	414_	1	0
476	415_	1	0
477	416_	1	0
478	418_	1	0
479	419_	1	0
480	421_	1	0
481	422_	1	0
482	423_	1	0
483	424_	1	0
484	425_	1	0
485	426_	1	0
486	427_	1	0
487	428_	1	0
488	5_	0	1
488	1611_	1	0
488	2459_	0	1
488	3238_	0	1
489	429_	1	0
490	430_	1	0
491	431_	1	0
492	5_	0	1
493	432_	1	0
494	433_	1	0
495	434_	1	0
496	435_	1	0
497	436_	1	0
498	437_	1	0
499	438_	1	0
500	439_	1	0
500	462_	1	0
501	440_	1	0
501	1301_	0	1
502	441_	1	0
503	5_	1	0
504	442_	1	0
505	443_	1	0
506	444_	1	0
507	5_	1	0
508	445_	1	0
509	446_	1	0
510	447_	1	0
511	448_	1	0
512	449_	1	0
512	709_	1	0
512	710_	0	1
513	450_	1	0
514	451_	1	0
515	452_	1	0
515	715_	1	0
516	453_	1	0
517	454_	1	0
518	455_	1	0
519	456_	1	0
520	457_	1	0
521	458_	1	0
521	3046_	1	0
522	5_	1	0
523	459_	1	0
524	460_	1	0
525	5_	0	1
526	461_	1	0
527	5_	1	0
528	463_	1	0
529	464_	1	0
530	465_	1	0
531	5_	1	1
531	651_	0	1
531	799_	0	1
531	3579_	0	1
531	3971_	0	1
532	467_	1	0
533	468_	1	0
534	469_	1	0
535	470_	1	0
536	5_	0	1
537	5_	0	1
538	471_	1	0
539	472_	1	0
540	473_	1	0
541	5_	1	0
542	474_	1	0
543	475_	1	0
544	476_	1	0
545	477_	1	0
546	478_	1	0
546	1210_	1	0
547	479_	1	0
548	480_	1	0
549	481_	1	0
550	482_	1	0
551	483_	1	0
552	5_	0	1
553	485_	1	0
554	5_	1	0
555	486_	1	0
556	487_	1	0
557	488_	1	0
558	489_	1	0
559	490_	1	0
560	491_	1	0
561	5_	0	1
562	492_	1	0
563	5_	0	1
564	493_	1	0
565	53_	0	1
566	494_	1	0
567	495_	1	0
567	645_	1	0
567	2142_	0	1
568	496_	1	0
569	498_	1	0
570	5_	1	0
571	500_	1	0
572	5_	1	0
573	501_	1	0
574	502_	1	0
575	503_	1	0
576	504_	1	0
577	5_	1	0
578	5_	0	1
579	505_	1	0
580	506_	1	0
581	507_	1	0
582	5_	0	1
583	508_	1	0
584	511_	1	0
585	5_	0	1
586	512_	1	0
587	513_	1	0
588	514_	1	0
589	515_	1	0
590	516_	1	0
591	517_	1	0
592	5_	0	1
593	520_	1	0
594	521_	1	0
595	522_	1	0
596	523_	1	0
597	524_	1	0
598	525_	1	0
599	5_	0	1
600	526_	1	0
601	5_	1	0
602	527_	1	0
603	528_	1	0
604	529_	1	0
605	530_	1	0
606	531_	1	0
607	5_	1	0
607	533_	2	0
608	533_	0	1
609	537_	1	0
610	538_	1	0
611	539_	1	0
612	5_	0	1
613	540_	1	0
614	542_	1	0
615	543_	1	0
616	544_	1	0
617	5_	1	0
618	545_	1	0
619	546_	1	0
620	547_	1	0
621	548_	1	0
622	5_	0	1
623	549_	1	0
624	550_	1	0
625	551_	1	0
626	552_	1	0
627	548_	1	0
628	5_	0	1
629	553_	1	0
630	554_	1	0
631	555_	1	0
632	556_	1	0
633	5_	0	1
634	557_	1	0
635	558_	1	0
636	559_	1	0
637	5_	0	1
638	5_	0	1
639	560_	1	0
640	5_	0	1
641	561_	1	0
642	562_	1	0
643	564_	1	0
643	617_	0	1
643	1484_	0	1
644	548_	0	1
645	565_	1	0
646	566_	1	0
646	1541_	1	0
647	567_	1	0
648	5_	1	0
649	570_	1	0
650	571_	1	0
651	572_	1	0
652	574_	1	0
653	5_	1	0
654	576_	1	0
655	577_	1	0
656	578_	1	0
657	130_	0	1
658	5_	1	0
659	579_	1	0
660	580_	1	0
661	581_	1	0
662	582_	1	0
663	583_	1	0
664	5_	0	1
665	5_	1	0
666	584_	1	0
667	5_	0	1
668	5_	1	0
669	585_	1	0
670	586_	1	0
671	587_	1	0
672	589_	1	0
673	590_	1	0
674	5_	1	0
674	4131_	1	0
675	591_	1	0
676	592_	1	0
677	5_	1	1
677	1506_	1	0
678	593_	1	0
679	594_	1	0
680	595_	1	0
681	5_	0	1
681	596_	1	0
682	5_	0	1
683	598_	1	0
684	599_	1	0
685	5_	0	1
686	601_	1	0
687	602_	1	0
688	603_	1	0
689	604_	1	0
690	605_	1	0
691	606_	1	0
692	607_	1	0
693	608_	1	0
694	609_	1	0
695	610_	1	0
696	611_	1	0
697	612_	1	0
698	613_	1	0
699	614_	1	0
700	5_	0	1
700	615_	1	0
701	616_	1	0
702	5_	0	1
702	1615_	1	0
703	619_	1	0
704	620_	1	0
705	5_	0	1
705	621_	1	0
705	1185_	1	0
705	1343_	1	0
705	2421_	1	0
706	622_	1	0
707	5_	0	1
708	623_	1	0
709	611_	1	0
710	624_	1	0
711	625_	1	0
712	5_	0	1
713	5_	1	0
714	5_	1	0
715	5_	0	1
716	627_	1	0
717	628_	1	0
718	629_	1	0
719	630_	1	0
720	632_	1	0
721	633_	1	0
722	634_	1	0
723	5_	1	0
723	635_	1	0
724	5_	1	0
725	636_	1	0
725	639_	0	1
726	637_	1	0
727	638_	1	0
728	640_	1	0
729	641_	1	0
730	642_	1	0
731	643_	1	0
732	644_	1	0
733	645_	1	0
734	647_	1	0
735	648_	1	0
736	649_	1	0
737	5_	1	0
738	5_	0	1
739	653_	1	0
740	654_	1	0
741	655_	1	0
742	5_	1	0
743	656_	1	0
744	657_	1	0
745	658_	1	0
746	659_	1	0
747	660_	1	0
748	661_	1	0
749	662_	1	0
750	664_	1	0
751	665_	1	0
752	666_	1	0
753	667_	1	0
754	5_	0	1
755	668_	1	0
756	5_	1	1
756	830_	1	0
757	5_	0	1
758	5_	2	0
758	669_	1	0
758	826_	0	1
758	2604_	1	0
758	2676_	1	0
758	3802_	0	1
758	3805_	1	0
758	4124_	1	0
759	5_	1	0
760	671_	1	0
761	673_	1	0
762	674_	1	0
763	675_	1	0
764	676_	1	0
765	677_	1	0
766	679_	1	0
767	680_	1	0
768	5_	0	1
768	2589_	0	1
769	681_	1	0
770	682_	1	0
771	5_	1	0
772	683_	1	0
773	5_	0	1
774	5_	0	1
775	684_	1	0
776	5_	0	1
776	685_	1	0
776	846_	0	1
777	687_	1	0
778	5_	1	0
778	1186_	0	1
778	1187_	1	0
778	2443_	1	0
779	688_	1	0
780	689_	1	0
781	690_	1	0
782	691_	1	0
783	692_	1	0
784	693_	1	0
785	694_	1	0
786	695_	1	0
787	697_	1	0
788	5_	1	0
789	699_	1	0
790	700_	1	0
791	701_	1	0
792	702_	1	0
793	703_	1	0
794	704_	1	0
795	705_	1	0
796	708_	1	0
797	5_	1	1
798	5_	1	0
799	712_	1	0
800	714_	1	0
801	715_	1	0
802	717_	1	0
803	5_	0	2
803	718_	1	0
803	2811_	1	0
803	3233_	0	1
804	720_	1	0
805	5_	1	1
805	548_	2	0
805	1201_	1	0
805	3087_	1	0
805	3499_	0	1
806	721_	1	0
807	5_	1	0
808	5_	2	0
809	722_	1	0
810	723_	1	0
811	724_	1	0
812	725_	1	0
813	726_	1	0
814	5_	0	1
815	727_	1	0
816	728_	1	0
817	729_	1	0
818	730_	1	0
819	731_	1	0
820	732_	1	0
821	5_	0	1
822	733_	1	0
823	734_	1	0
824	358_	1	0
825	735_	1	0
826	737_	1	0
827	740_	1	0
828	741_	1	0
829	5_	0	1
829	742_	1	0
830	743_	1	0
831	745_	1	0
832	746_	1	0
833	5_	1	0
834	548_	0	1
834	747_	1	0
835	748_	1	0
836	749_	1	0
837	750_	1	0
838	752_	1	0
839	753_	1	0
840	754_	1	0
840	755_	0	1
841	756_	1	0
842	189_	0	1
842	758_	1	0
843	5_	0	1
844	757_	1	0
845	760_	1	0
846	761_	1	0
847	762_	1	0
848	5_	1	0
849	764_	1	0
850	765_	1	0
851	5_	0	1
852	766_	1	0
853	767_	1	0
854	768_	1	0
855	769_	1	0
856	770_	1	0
857	5_	0	1
858	771_	1	0
859	772_	1	0
860	5_	0	1
861	774_	1	0
862	5_	0	1
863	775_	1	0
864	776_	1	0
865	777_	1	0
866	778_	1	0
867	5_	1	0
868	779_	1	0
869	780_	1	0
870	781_	1	0
871	784_	1	0
872	786_	1	0
873	788_	1	0
874	5_	1	1
874	4127_	1	0
875	5_	0	1
876	5_	0	1
877	5_	0	1
878	5_	0	1
879	789_	1	0
880	790_	1	0
881	791_	1	0
882	792_	1	0
883	793_	1	0
884	5_	0	1
885	795_	1	0
886	796_	1	0
887	797_	1	0
888	800_	1	0
889	801_	1	0
890	802_	1	0
891	803_	1	0
892	804_	1	0
893	805_	1	0
894	806_	1	0
894	808_	1	0
895	807_	1	0
896	807_	1	0
897	810_	1	0
898	811_	1	0
898	2827_	0	1
899	812_	1	0
900	813_	1	0
901	814_	1	0
902	5_	0	1
903	815_	1	0
904	816_	1	0
905	488_	0	1
905	3660_	0	1
906	817_	1	0
907	818_	1	0
908	819_	1	0
909	5_	1	0
910	822_	1	0
911	823_	1	0
912	824_	1	0
913	825_	1	0
914	828_	1	0
915	829_	1	0
916	831_	1	0
916	3713_	1	0
916	4160_	1	0
917	832_	1	0
918	833_	1	0
919	5_	0	1
920	5_	1	0
921	834_	1	0
922	5_	1	1
923	836_	1	0
924	837_	1	0
925	838_	1	0
926	839_	1	0
927	840_	1	0
928	842_	1	0
929	844_	1	0
930	845_	1	0
931	5_	1	0
932	5_	0	1
933	499_	1	0
934	849_	1	0
935	850_	1	0
936	851_	1	0
937	852_	2	0
938	853_	1	0
939	855_	1	0
940	856_	1	0
941	857_	1	0
942	858_	1	0
943	859_	1	0
944	860_	1	0
945	861_	1	0
946	862_	1	0
947	863_	1	0
948	865_	1	0
949	866_	1	0
950	867_	1	0
951	868_	1	0
952	5_	0	1
953	869_	1	0
954	870_	1	0
955	871_	1	0
956	5_	0	1
957	872_	1	0
958	873_	1	0
959	874_	1	0
960	875_	1	0
961	876_	1	0
962	877_	1	0
963	878_	1	0
964	879_	1	0
965	5_	0	1
966	880_	1	0
967	882_	1	0
968	883_	1	0
969	5_	1	0
969	1245_	0	1
969	4187_	1	0
970	884_	1	0
971	887_	1	0
972	888_	1	0
973	889_	1	0
974	890_	1	0
975	891_	1	0
976	892_	1	0
977	893_	1	0
978	894_	1	0
979	895_	1	0
980	896_	1	0
981	897_	1	0
982	898_	1	0
983	899_	1	0
984	900_	1	0
985	901_	1	0
986	902_	1	0
987	5_	1	0
988	903_	1	0
989	5_	1	0
989	905_	1	0
990	906_	1	0
991	907_	1	0
992	908_	1	0
993	909_	1	0
994	911_	1	0
995	912_	1	0
996	913_	1	0
997	914_	1	0
998	915_	1	0
999	916_	1	0
1000	918_	1	0
1001	920_	1	0
1002	921_	1	0
1003	5_	0	1
1004	5_	0	1
1004	922_	1	0
1005	923_	1	0
1006	5_	0	1
1007	925_	1	0
1008	928_	1	0
1009	5_	1	1
1009	2749_	0	1
1010	930_	1	0
1011	931_	1	0
1012	5_	0	1
1013	5_	1	0
1014	932_	1	0
1015	933_	1	0
1016	934_	1	0
1017	935_	1	0
1018	936_	1	0
1019	5_	0	1
1020	937_	1	0
1021	938_	1	0
1022	940_	1	0
1023	941_	1	0
1024	5_	1	0
1025	5_	1	0
1026	942_	1	0
1027	5_	1	0
1028	943_	1	0
1029	944_	1	0
1030	945_	1	0
1031	948_	1	0
1032	949_	1	0
1033	950_	1	0
1034	5_	0	1
1035	951_	1	0
1036	954_	1	0
1037	5_	1	0
1038	955_	1	0
1039	956_	1	0
1040	957_	1	0
1041	958_	1	0
1042	959_	1	0
1043	960_	1	0
1044	961_	1	0
1044	1127_	0	1
1045	962_	1	0
1046	963_	1	0
1047	964_	1	0
1048	966_	1	0
1049	968_	1	0
1050	969_	1	0
1051	970_	1	0
1052	971_	1	0
1053	972_	1	0
1054	973_	1	0
1055	5_	1	0
1056	974_	1	0
1057	5_	1	0
1058	975_	1	0
1059	976_	1	0
1060	5_	0	1
1061	977_	1	0
1062	978_	1	0
1063	979_	1	0
1064	5_	1	0
1065	980_	1	0
1066	5_	0	1
1067	982_	1	0
1068	983_	1	0
1068	2014_	1	0
1069	984_	1	0
1070	985_	1	0
1071	986_	1	0
1072	987_	1	0
1073	988_	1	0
1074	990_	1	0
1075	991_	1	0
1076	5_	0	1
1077	993_	1	0
1078	5_	0	1
1078	994_	1	0
1078	1065_	1	0
1078	2332_	1	0
1078	3191_	0	1
1078	3270_	1	0
1078	3909_	0	1
1079	5_	1	0
1080	995_	1	0
1081	5_	0	1
1082	998_	1	0
1083	1000_	1	0
1084	5_	2	0
1084	1324_	1	0
1085	1001_	1	0
1086	1002_	1	0
1087	1003_	1	0
1088	1004_	1	0
1089	1005_	1	0
1090	1006_	1	0
1091	5_	1	0
1092	1007_	1	0
1093	1008_	1	0
1094	5_	0	1
1095	1010_	1	0
1096	1011_	1	0
1097	1012_	1	0
1098	1013_	1	0
1098	4119_	1	0
1099	1014_	1	0
1100	1015_	1	0
1101	1016_	1	0
1102	1017_	1	0
1102	1554_	1	0
1102	2711_	1	0
1103	1016_	0	1
1104	1018_	1	0
1105	1019_	1	0
1106	5_	0	1
1107	1020_	1	0
1108	1021_	1	0
1109	1022_	1	0
1110	1023_	1	0
1111	1024_	1	0
1112	1025_	1	0
1113	1026_	1	0
1114	1027_	1	0
1115	1029_	1	0
1116	1030_	1	0
1117	1031_	1	0
1118	1032_	1	0
1119	1033_	1	0
1119	3348_	1	0
1120	5_	1	0
1121	5_	0	1
1122	1034_	1	0
1123	5_	0	1
1124	1035_	1	0
1125	1036_	1	0
1126	1037_	1	0
1127	1038_	1	0
1127	3229_	0	1
1128	1039_	1	0
1129	1040_	1	0
1130	1041_	1	0
1131	1042_	1	0
1132	1043_	1	0
1133	1044_	1	0
1134	1045_	1	0
1135	1046_	1	0
1136	5_	1	0
1137	1047_	1	0
1138	5_	1	0
1139	1048_	1	0
1140	1050_	1	0
1141	1051_	1	0
1142	1052_	1	0
1143	358_	0	1
1144	1053_	1	0
1145	1054_	1	0
1146	1055_	1	0
1147	1057_	1	0
1148	1058_	1	0
1149	5_	1	0
1150	5_	0	1
1151	5_	1	0
1152	488_	0	1
1153	1061_	1	0
1154	1064_	1	0
1155	1065_	1	0
1156	1066_	1	0
1157	1068_	1	0
1158	5_	0	1
1159	5_	0	1
1160	1069_	1	0
1161	1070_	1	0
1162	1071_	1	0
1163	5_	0	1
1163	1074_	1	0
1164	1075_	1	0
1165	1076_	1	0
1166	1077_	1	0
1167	1078_	1	0
1168	1080_	1	0
1169	1081_	1	0
1170	1082_	1	0
1171	1083_	1	0
1172	1085_	1	0
1173	1087_	1	0
1174	1088_	1	0
1175	5_	0	1
1176	1090_	1	0
1177	5_	1	0
1178	5_	0	1
1179	1092_	1	0
1180	5_	0	1
1181	1094_	1	0
1182	5_	0	1
1183	1095_	1	0
1184	1096_	1	0
1185	1097_	1	0
1186	1098_	1	0
1187	5_	1	0
1187	3449_	0	1
1188	1099_	1	0
1189	1100_	1	0
1190	1102_	1	0
1191	5_	0	1
1192	1103_	1	0
1193	1106_	1	0
1194	5_	1	1
1195	1107_	1	0
1196	5_	0	1
1197	1108_	1	0
1198	1109_	1	0
1199	1110_	1	0
1200	1112_	1	0
1201	1113_	1	0
1202	5_	0	1
1203	5_	3	1
1203	1828_	0	1
1204	1114_	1	0
1205	1116_	1	0
1206	1117_	1	0
1207	1120_	1	0
1208	5_	1	0
1209	1122_	1	0
1210	221_	0	1
1211	5_	1	0
1212	1124_	1	0
1213	1125_	1	0
1214	1126_	1	0
1215	5_	1	0
1216	1128_	1	0
1217	853_	1	0
1218	5_	1	0
1219	1131_	1	0
1220	1132_	1	0
1221	1133_	1	0
1222	1134_	1	0
1223	1136_	1	0
1224	5_	1	0
1225	1137_	1	0
1226	1138_	1	0
1227	1139_	1	0
1228	1140_	1	0
1229	1141_	1	0
1230	1142_	1	0
1231	5_	0	1
1232	5_	0	1
1233	5_	0	1
1234	1145_	1	0
1235	1146_	1	0
1236	5_	1	0
1237	1149_	1	0
1238	1150_	1	0
1239	5_	1	0
1240	5_	0	1
1241	1151_	1	0
1242	1153_	1	0
1243	1154_	1	0
1244	1155_	1	0
1245	1156_	1	0
1246	1157_	1	0
1247	1158_	1	0
1248	1159_	1	0
1249	327_	0	1
1250	1163_	1	0
1251	1164_	1	0
1252	1166_	1	0
1253	1168_	1	0
1254	1169_	1	0
1255	1170_	1	0
1256	1171_	1	0
1257	1172_	1	0
1258	1173_	1	0
1259	1174_	1	0
1260	1175_	1	0
1261	1177_	1	0
1262	1178_	1	0
1263	1179_	1	0
1264	1180_	1	0
1265	1181_	1	0
1266	120_	0	1
1267	5_	1	0
1268	1182_	1	0
1269	1183_	1	0
1270	1184_	1	0
1271	1188_	1	0
1272	1189_	1	0
1273	1190_	1	0
1274	1191_	1	0
1275	5_	1	0
1276	1192_	1	0
1277	1193_	1	0
1278	1194_	1	0
1279	1196_	1	0
1280	5_	1	0
1281	1199_	1	0
1282	1200_	1	0
1283	5_	0	1
1284	1202_	1	0
1284	1206_	1	0
1285	1203_	1	0
1286	1204_	1	0
1287	1205_	1	0
1287	1207_	1	0
1288	1208_	1	0
1289	1209_	1	0
1290	1210_	1	1
1291	1212_	1	0
1292	5_	1	0
1292	3454_	0	1
1293	1214_	1	0
1293	1604_	0	1
1293	2619_	1	0
1293	3278_	0	1
1294	1215_	1	0
1295	1216_	1	0
1296	1217_	1	0
1297	1218_	1	0
1298	1219_	1	0
1299	5_	0	1
1300	1221_	1	0
1301	1222_	1	0
1302	1223_	1	0
1303	1224_	1	0
1304	1225_	1	0
1305	1226_	1	0
1306	1227_	1	0
1307	5_	0	1
1308	1228_	1	0
1309	1229_	1	0
1310	5_	0	1
1311	5_	0	1
1312	1230_	1	0
1313	1231_	1	0
1314	1232_	1	0
1315	1233_	1	0
1316	1234_	1	0
1317	1235_	1	0
1318	1236_	1	0
1319	1237_	1	0
1320	1238_	1	0
1321	1239_	1	0
1322	1240_	1	0
1323	1241_	1	0
1324	1242_	1	0
1325	1243_	1	0
1326	5_	1	0
1327	1244_	1	0
1328	5_	1	0
1329	1246_	1	0
1330	1247_	1	0
1331	1248_	1	0
1332	1249_	1	0
1333	1250_	1	0
1334	1251_	1	0
1335	1252_	1	0
1336	1253_	1	0
1337	1254_	1	0
1338	5_	1	0
1339	1255_	1	0
1340	1256_	1	0
1341	5_	0	2
1341	3831_	0	1
1342	1257_	1	0
1343	5_	1	0
1344	1258_	1	0
1344	1260_	0	1
1345	1259_	1	0
1346	5_	0	1
1347	5_	1	0
1348	5_	0	1
1349	5_	1	0
1350	1262_	1	0
1351	5_	1	0
1352	1264_	1	0
1353	1265_	1	0
1354	1266_	1	0
1355	1267_	1	0
1356	1268_	1	0
1357	1269_	1	0
1358	1270_	1	0
1359	1272_	1	0
1360	1273_	1	0
1361	1274_	1	0
1362	1275_	1	0
1363	1276_	1	0
1364	1277_	1	0
1365	5_	1	0
1366	1278_	1	0
1367	5_	1	0
1368	1280_	1	0
1369	1281_	1	0
1370	1282_	1	0
1371	5_	1	0
1372	1283_	1	0
1373	1284_	1	0
1374	1285_	1	0
1375	5_	0	1
1376	1286_	1	0
1377	1288_	1	0
1378	1289_	1	0
1379	1290_	1	0
1380	1291_	1	0
1381	1292_	1	0
1381	2898_	0	1
1382	1293_	1	0
1382	1304_	1	0
1383	5_	1	0
1384	1294_	1	0
1385	1295_	1	0
1386	1296_	1	0
1387	1297_	1	0
1388	1298_	1	0
1388	3763_	1	0
1389	1299_	1	0
1390	1302_	1	0
1391	1303_	1	0
1392	1305_	1	0
1393	5_	1	0
1394	1306_	1	0
1395	1307_	1	0
1396	1308_	1	0
1397	5_	0	1
1398	5_	1	0
1399	1309_	1	0
1400	5_	0	1
1401	5_	0	1
1402	1310_	1	0
1403	1311_	1	0
1404	1313_	1	0
1405	1314_	1	0
1406	1316_	1	0
1407	5_	1	0
1407	1317_	1	0
1408	1318_	1	0
1408	2466_	1	0
1409	1319_	1	0
1409	1396_	1	0
1410	1320_	1	0
1411	1321_	1	0
1412	1322_	1	0
1413	1323_	1	0
1414	1326_	1	0
1415	1327_	1	0
1416	1328_	1	0
1417	1329_	1	0
1418	1331_	1	0
1419	1333_	1	0
1420	1334_	1	0
1421	1335_	1	0
1422	1336_	1	0
1423	1337_	1	0
1424	1338_	1	0
1425	1339_	1	0
1426	5_	0	1
1427	1340_	1	0
1428	1341_	1	0
1429	1342_	1	0
1430	5_	1	0
1430	3011_	1	0
1430	4157_	0	1
1431	1344_	1	0
1432	1345_	1	0
1433	1346_	1	0
1434	5_	1	0
1435	1347_	1	0
1436	1348_	1	0
1437	5_	0	1
1438	1349_	1	0
1439	5_	0	1
1440	5_	0	1
1441	5_	0	1
1441	3139_	1	0
1442	1350_	1	0
1443	1351_	1	0
1444	1352_	1	0
1445	1353_	1	0
1446	1354_	1	0
1446	2727_	0	1
1447	1355_	1	0
1448	1357_	1	0
1449	5_	0	1
1450	1358_	1	0
1451	1359_	1	0
1452	5_	1	0
1453	5_	0	1
1454	1360_	1	0
1455	1361_	1	0
1456	1362_	1	0
1456	2669_	0	1
1457	706_	1	0
1458	1364_	1	0
1459	1365_	1	0
1460	1367_	1	0
1461	1368_	1	0
1462	1369_	1	0
1463	1370_	1	0
1464	1371_	1	0
1465	1372_	1	0
1466	1373_	1	0
1467	1374_	1	0
1468	5_	0	1
1469	1375_	1	0
1470	5_	1	0
1471	1376_	1	0
1472	1377_	1	0
1472	1963_	0	1
1472	2012_	0	1
1472	3691_	1	0
1473	1378_	1	0
1474	1379_	1	0
1475	1380_	1	0
1476	1381_	1	0
1477	1382_	1	0
1478	1383_	1	0
1479	223_	1	0
1479	1376_	0	1
1480	1384_	1	0
1481	5_	0	1
1482	1385_	1	0
1483	1386_	1	0
1484	1387_	1	0
1485	1388_	1	0
1486	1389_	1	0
1487	5_	0	1
1488	1390_	1	0
1489	5_	0	1
1490	1391_	1	0
1491	1392_	1	0
1492	1393_	1	0
1493	1394_	1	0
1494	1395_	1	0
1495	1396_	1	0
1496	1397_	1	0
1497	1398_	1	0
1498	1399_	1	0
1499	1400_	1	0
1500	5_	1	0
1501	1402_	1	0
1502	1403_	1	0
1503	5_	1	1
1504	1406_	1	0
1505	1407_	1	0
1506	1408_	1	0
1507	1409_	1	0
1507	2472_	0	1
1508	1410_	1	0
1509	1411_	1	0
1510	1412_	1	0
1511	1413_	1	0
1512	1414_	1	0
1513	5_	0	1
1514	1416_	1	0
1515	5_	0	1
1516	1417_	1	0
1516	1552_	0	1
1517	1418_	1	0
1518	1419_	1	0
1519	1420_	1	0
1520	1421_	1	0
1521	1422_	1	0
1522	1423_	1	0
1523	5_	0	1
1524	1424_	1	0
1525	1425_	1	0
1525	3056_	0	1
1526	5_	1	0
1527	5_	0	1
1528	5_	1	0
1529	1426_	1	0
1530	1427_	1	0
1531	1428_	1	0
1532	5_	0	1
1533	1429_	1	0
1534	1430_	1	0
1535	1431_	1	0
1535	1433_	1	0
1535	1434_	1	0
1536	5_	0	1
1537	1432_	1	0
1538	5_	0	1
1539	1435_	1	0
1540	548_	1	1
1541	1436_	1	0
1542	1437_	1	0
1543	1438_	1	0
1544	1439_	1	0
1545	1440_	1	0
1546	1441_	1	0
1547	1443_	1	0
1548	1444_	1	0
1549	1445_	1	0
1550	5_	1	0
1551	1446_	1	0
1552	1447_	1	0
1553	1448_	1	0
1554	5_	2	0
1555	5_	1	0
1556	1449_	1	0
1557	1450_	1	0
1558	1452_	1	0
1559	1453_	1	0
1560	1454_	1	0
1561	5_	0	1
1562	1455_	1	0
1563	1456_	1	0
1564	5_	0	1
1565	1457_	1	0
1566	1458_	1	0
1567	1459_	1	0
1568	5_	0	1
1569	1461_	1	0
1569	2920_	0	1
1569	3280_	0	1
1570	1462_	1	0
1571	1464_	1	0
1572	1466_	1	0
1573	1467_	1	0
1574	1468_	1	0
1575	1469_	1	0
1576	1470_	1	0
1577	1471_	1	0
1578	1472_	1	0
1579	1473_	1	0
1580	1474_	1	0
1581	1475_	1	0
1581	2685_	1	0
1582	1477_	1	0
1583	5_	0	1
1584	5_	1	0
1585	1478_	1	0
1586	1481_	1	0
1587	5_	1	0
1588	1483_	1	0
1589	5_	0	1
1590	5_	0	1
1591	617_	0	1
1592	1485_	1	0
1593	5_	1	0
1594	1486_	1	0
1595	1487_	1	0
1596	5_	0	1
1597	1488_	1	0
1598	5_	0	1
1599	5_	1	0
1600	1489_	1	0
1601	1490_	1	0
1602	1491_	1	0
1603	1492_	1	0
1604	1493_	1	0
1605	5_	1	0
1606	1494_	1	0
1607	5_	0	1
1608	1495_	1	0
1609	1496_	1	0
1610	5_	0	1
1611	1500_	1	0
1612	1501_	1	0
1613	1502_	1	0
1614	1503_	1	0
1615	5_	1	0
1616	1504_	1	0
1617	1505_	1	0
1618	1507_	1	0
1619	1508_	1	0
1620	1509_	1	0
1621	5_	1	0
1622	1512_	1	0
1623	1513_	1	0
1624	1514_	1	0
1625	1516_	1	0
1626	5_	1	0
1627	1517_	1	0
1627	3304_	0	1
1628	5_	0	1
1629	5_	0	1
1630	1519_	1	0
1631	1520_	1	0
1631	1696_	0	1
1632	1521_	1	0
1633	5_	2	1
1634	1522_	1	0
1635	1523_	1	0
1636	5_	1	0
1637	5_	0	1
1638	1526_	1	0
1639	1204_	0	1
1639	1580_	0	1
1639	3150_	0	1
1639	3809_	1	0
1640	1527_	1	0
1641	1528_	1	0
1641	3445_	1	0
1641	3867_	0	1
1642	1529_	1	0
1643	5_	0	1
1644	5_	0	1
1645	1530_	1	0
1646	1531_	1	0
1647	1532_	1	0
1648	1533_	1	0
1649	1534_	1	0
1650	1535_	1	0
1651	1536_	1	0
1652	1537_	1	0
1653	5_	2	0
1653	2593_	0	1
1654	5_	1	0
1655	5_	1	0
1656	5_	0	1
1657	1538_	1	0
1658	1539_	1	0
1659	1540_	1	0
1660	1542_	1	0
1661	1543_	1	0
1662	1544_	1	0
1663	1545_	1	0
1664	1546_	1	0
1665	1547_	1	0
1666	1548_	1	0
1667	1549_	1	0
1668	1550_	1	0
1669	1551_	1	0
1670	5_	0	1
1671	1553_	1	0
1672	5_	0	1
1673	1555_	1	0
1674	1557_	1	0
1675	1558_	1	0
1676	1560_	1	0
1677	5_	0	1
1678	1562_	1	0
1679	1563_	1	0
1680	5_	0	1
1681	1566_	1	0
1682	1567_	1	0
1683	5_	0	1
1684	1568_	1	0
1685	1569_	1	0
1686	1571_	1	0
1687	1572_	1	0
1688	1573_	1	0
1689	1575_	1	0
1690	1576_	1	0
1691	1577_	1	0
1692	1578_	1	0
1693	1579_	1	0
1694	1581_	1	0
1695	1582_	1	0
1696	1583_	1	0
1697	1584_	1	0
1698	5_	0	1
1699	1585_	1	0
1700	1586_	1	0
1701	1587_	1	0
1702	1588_	1	0
1703	1589_	1	0
1704	1591_	1	0
1705	1592_	1	0
1706	1593_	1	0
1707	1594_	1	0
1708	1595_	1	0
1709	5_	0	1
1710	1596_	1	0
1711	1597_	1	0
1712	5_	0	1
1713	5_	1	0
1714	1598_	1	0
1715	1599_	1	0
1716	1601_	1	0
1717	1602_	1	0
1718	1603_	1	0
1719	5_	0	1
1720	1605_	1	0
1721	5_	1	0
1722	1607_	1	0
1723	1608_	1	0
1724	1609_	1	0
1725	1610_	1	0
1726	5_	1	0
1727	1612_	1	0
1728	1613_	1	0
1729	1614_	1	0
1730	1616_	1	0
1731	5_	0	1
1732	5_	0	1
1733	1617_	1	0
1734	1618_	1	0
1735	1619_	1	0
1736	1620_	1	0
1737	1621_	1	0
1738	5_	1	0
1739	1623_	1	0
1740	5_	2	1
1741	1624_	1	0
1742	5_	1	0
1743	1023_	0	1
1744	5_	1	0
1745	1629_	1	0
1746	5_	1	0
1747	1630_	1	0
1748	1631_	1	0
1749	5_	0	1
1750	1632_	1	0
1751	1633_	1	0
1752	1634_	1	0
1753	1635_	1	0
1754	1637_	1	0
1755	5_	0	1
1756	1638_	1	0
1757	1639_	1	0
1758	1640_	1	0
1759	5_	0	1
1760	1641_	1	0
1760	1667_	1	0
1761	1642_	1	0
1762	1643_	1	0
1763	1644_	1	0
1764	5_	0	1
1765	1645_	1	0
1766	1646_	1	0
1767	1647_	1	0
1768	1648_	1	0
1769	1650_	1	0
1770	1652_	1	0
1771	5_	0	1
1772	1655_	1	0
1773	5_	0	1
1773	2322_	1	0
1774	1659_	1	0
1775	1661_	1	0
1776	1662_	1	0
1777	1663_	1	0
1778	5_	0	1
1779	1664_	1	0
1780	5_	1	0
1781	5_	1	0
1782	5_	0	1
1783	5_	0	1
1783	1666_	1	0
1784	1668_	1	0
1785	5_	1	0
1786	5_	1	0
1787	1669_	1	0
1788	5_	0	1
1789	1670_	1	0
1790	1671_	1	0
1791	1672_	1	0
1792	1673_	1	0
1793	5_	0	1
1794	5_	0	1
1795	1674_	1	0
1796	1675_	1	0
1797	1676_	1	0
1798	1677_	1	0
1799	5_	0	1
1800	1678_	1	0
1801	1679_	1	0
1802	1680_	1	0
1803	5_	0	1
1804	1681_	1	0
1805	1682_	1	0
1806	1683_	1	0
1807	1684_	1	0
1808	1685_	1	0
1809	5_	1	0
1810	5_	0	1
1811	5_	0	1
1812	1687_	1	0
1813	5_	1	0
1814	1688_	1	0
1815	5_	0	1
1816	1689_	1	0
1817	5_	1	0
1818	1690_	1	0
1819	5_	0	1
1820	1204_	0	2
1820	1691_	1	0
1820	2104_	1	0
1820	3173_	1	0
1820	3281_	0	1
1821	1692_	1	0
1822	5_	1	0
1823	1693_	1	0
1824	1694_	1	0
1825	5_	0	1
1826	1697_	1	0
1827	5_	1	0
1828	1698_	1	0
1829	1699_	1	0
1830	1700_	1	0
1831	1701_	1	0
1832	1702_	1	0
1833	1703_	1	0
1834	1704_	1	0
1835	5_	0	1
1836	5_	1	0
1837	5_	1	0
1838	1705_	1	0
1839	1706_	1	0
1840	1707_	1	0
1841	1708_	1	0
1842	5_	0	1
1843	1709_	1	0
1844	1710_	1	0
1845	1714_	1	0
1845	2641_	0	1
1846	1715_	1	0
1847	1717_	1	0
1848	5_	1	0
1849	5_	0	1
1850	5_	0	1
1851	5_	1	0
1852	1721_	1	0
1853	5_	1	3
1853	1722_	0	1
1853	1725_	0	1
1853	1727_	1	0
1853	2886_	0	1
1854	1723_	1	0
1855	1724_	1	0
1856	5_	3	2
1857	1727_	1	0
1858	1730_	1	0
1859	5_	1	0
1860	1731_	1	0
1861	1732_	1	0
1862	5_	1	0
1863	1734_	1	0
1864	1735_	1	0
1865	1736_	1	0
1866	1737_	1	0
1867	1738_	1	0
1868	1739_	1	0
1869	1740_	1	0
1870	1741_	1	0
1871	1743_	1	0
1872	5_	1	0
1873	1745_	1	0
1874	1746_	1	0
1875	1747_	1	0
1876	1748_	1	0
1877	794_	0	1
1878	1750_	1	0
1879	1751_	1	0
1880	1752_	1	0
1881	1753_	1	0
1882	1688_	0	1
1882	2069_	0	1
1883	5_	1	0
1884	1754_	1	0
1885	1755_	1	0
1886	1757_	1	0
1886	3546_	0	1
1887	1758_	1	0
1888	1759_	1	0
1889	1760_	1	0
1890	5_	0	1
1891	5_	1	0
1892	1761_	1	0
1893	5_	0	1
1894	1762_	1	0
1895	5_	1	0
1896	5_	1	0
1897	1763_	1	0
1898	1764_	1	0
1899	1765_	1	0
1900	5_	0	1
1901	1767_	1	0
1902	1768_	1	0
1903	1769_	1	0
1904	1770_	1	0
1905	1771_	1	0
1906	1772_	1	0
1907	5_	0	1
1908	1773_	1	0
1909	5_	0	1
1910	1775_	1	0
1911	5_	0	1
1912	5_	1	0
1913	1776_	1	0
1914	1777_	1	0
1915	1778_	1	0
1916	1779_	1	0
1916	3026_	1	0
1917	5_	1	0
1918	1780_	1	0
1919	5_	1	0
1920	1781_	1	0
1921	1782_	1	0
1922	1784_	1	0
1923	1785_	1	0
1924	5_	3	0
1925	1787_	1	0
1926	1788_	1	0
1927	1789_	1	0
1928	1790_	1	0
1929	1791_	1	0
1930	1792_	1	0
1931	1793_	1	0
1932	1794_	1	0
1933	5_	0	1
1934	1795_	1	0
1935	1796_	1	0
1936	1797_	1	0
1937	1798_	1	0
1938	1799_	1	0
1939	1800_	1	0
1940	1801_	1	0
1941	1802_	1	0
1942	1803_	1	0
1943	1804_	1	0
1944	1805_	1	0
1945	1806_	1	0
1946	1807_	1	0
1947	1808_	1	0
1948	5_	1	0
1949	5_	0	1
1950	5_	1	0
1951	1809_	1	0
1952	1810_	1	0
1953	1811_	1	0
1954	5_	0	1
1955	5_	1	1
1955	2217_	1	0
1956	1813_	1	0
1957	1815_	1	0
1958	5_	0	1
1959	1816_	1	0
1960	1817_	1	0
1961	1818_	1	0
1962	1819_	1	0
1963	1820_	1	0
1964	5_	0	1
1965	1821_	1	0
1966	1823_	1	0
1967	1824_	1	0
1968	1825_	1	0
1969	1826_	1	0
1970	1827_	1	0
1971	1829_	1	0
1971	4090_	1	0
1972	1831_	1	0
1973	1832_	1	0
1974	5_	1	0
1975	1834_	1	0
1976	1835_	1	0
1977	1836_	1	0
1978	1837_	1	0
1979	1838_	1	0
1980	1839_	1	0
1981	1840_	1	0
1982	1841_	1	0
1983	1843_	1	0
1984	1844_	1	0
1985	1845_	1	0
1986	1846_	1	0
1987	1847_	1	0
1988	5_	1	0
1989	1848_	1	0
1990	1849_	1	0
1991	1850_	1	0
1992	1851_	1	0
1993	1854_	1	0
1994	5_	0	1
1995	1855_	1	0
1996	1856_	1	0
1997	1857_	1	0
1998	5_	0	1
1999	1858_	1	0
2000	1860_	1	0
2001	5_	0	1
2002	1861_	1	0
2003	1862_	1	0
2004	1863_	1	0
2005	1865_	1	0
2006	1867_	1	0
2007	1868_	1	0
2008	5_	0	1
2009	1869_	1	0
2010	1872_	1	0
2011	1874_	1	0
2012	1875_	1	0
2013	1876_	1	0
2014	1877_	1	0
2015	1881_	1	0
2016	1882_	1	0
2017	1883_	1	0
2018	5_	0	1
2019	1884_	1	0
2020	5_	0	1
2021	1885_	1	0
2022	1887_	1	0
2023	1888_	1	0
2024	1889_	1	0
2025	1890_	1	0
2026	1891_	1	0
2027	1892_	1	0
2028	1893_	1	0
2029	1894_	1	0
2030	1895_	1	0
2031	5_	0	1
2032	1896_	1	0
2033	1897_	1	0
2034	1898_	1	0
2035	1899_	1	0
2036	1900_	1	0
2037	1901_	1	0
2038	1902_	1	0
2039	1903_	1	0
2040	1904_	1	0
2041	1905_	1	0
2042	5_	1	0
2042	1906_	1	0
2042	2837_	1	0
2043	1907_	1	0
2044	1908_	1	0
2045	1909_	1	0
2046	1910_	1	0
2047	1912_	1	0
2048	1913_	1	0
2049	1914_	1	0
2050	1915_	1	0
2051	1917_	1	0
2052	1918_	1	0
2053	1919_	1	0
2054	1920_	1	0
2055	1921_	1	0
2056	1922_	1	0
2057	1923_	1	0
2058	5_	0	1
2058	1924_	1	0
2059	1925_	1	0
2060	1926_	1	0
2061	1927_	1	0
2062	1928_	1	0
2063	1929_	1	0
2064	1931_	1	0
2065	5_	0	1
2066	5_	0	1
2067	1932_	1	0
2068	1933_	1	0
2069	5_	1	0
2070	1934_	1	0
2071	1935_	1	0
2072	1936_	1	0
2073	1937_	1	0
2074	5_	1	0
2075	5_	1	0
2076	1939_	1	0
2077	1940_	1	0
2078	1941_	1	0
2079	1942_	1	0
2080	5_	1	0
2081	1943_	1	0
2082	1944_	1	0
2083	1946_	1	0
2084	1947_	1	0
2085	1949_	1	0
2086	5_	1	0
2087	5_	1	0
2088	1950_	1	0
2089	1951_	1	0
2090	1952_	1	0
2091	1954_	1	0
2092	1955_	1	0
2093	1956_	1	0
2094	5_	0	1
2095	5_	1	0
2095	3018_	0	1
2096	1957_	1	0
2097	5_	0	1
2098	5_	1	0
2099	5_	0	1
2100	1959_	1	0
2100	2851_	1	0
2101	1961_	1	0
2102	1962_	1	0
2103	1964_	1	0
2104	1965_	1	0
2105	5_	0	1
2106	1966_	1	0
2107	1968_	1	0
2108	1969_	1	0
2109	1970_	1	0
2110	1971_	1	0
2111	1972_	1	0
2112	1973_	1	0
2113	1974_	1	0
2114	1976_	1	0
2115	1977_	1	0
2116	1978_	1	0
2117	1979_	1	0
2118	1980_	1	0
2119	1981_	1	0
2120	1982_	1	0
2121	1983_	1	0
2122	1984_	1	0
2123	1985_	1	0
2124	1986_	1	0
2125	1987_	1	0
2126	1988_	1	0
2127	1989_	1	0
2128	1990_	1	0
2128	3627_	0	1
2129	1991_	1	0
2130	5_	0	1
2131	1992_	1	0
2132	1993_	1	0
2133	1994_	1	0
2134	1995_	1	0
2135	1996_	1	0
2136	1997_	1	0
2137	1998_	1	0
2138	5_	0	1
2139	1999_	1	0
2140	5_	1	0
2140	2340_	1	0
2141	5_	1	0
2142	5_	1	2
2142	2879_	1	0
2143	5_	1	0
2143	490_	0	1
2144	2002_	1	0
2145	2003_	1	0
2146	2005_	1	0
2147	2006_	1	0
2148	2007_	1	0
2149	2008_	1	0
2150	2011_	1	0
2151	5_	0	1
2152	2013_	1	0
2153	2015_	1	0
2154	5_	0	1
2155	2016_	1	0
2156	1398_	1	0
2157	2017_	1	0
2158	2018_	1	0
2159	5_	1	0
2160	2019_	1	0
2161	2020_	1	0
2162	2021_	1	0
2162	3013_	1	0
2163	2022_	1	0
2164	2023_	1	0
2165	2024_	1	0
2166	5_	0	1
2167	2025_	1	0
2168	5_	0	1
2169	2026_	1	0
2170	2027_	1	0
2171	2028_	1	0
2172	2029_	1	0
2173	2030_	1	0
2174	2031_	1	0
2174	3094_	0	1
2175	2032_	1	0
2176	2033_	1	0
2177	2034_	1	0
2178	2036_	1	0
2179	2037_	1	0
2179	3822_	1	0
2180	2038_	1	0
2181	2039_	1	0
2181	2414_	0	1
2182	2040_	1	0
2183	2041_	1	0
2184	2042_	1	0
2185	2043_	1	0
2186	2044_	1	0
2187	2045_	1	0
2187	3010_	1	0
2187	3577_	1	0
2188	2048_	1	0
2189	2049_	1	0
2190	2050_	1	0
2191	2051_	1	0
2192	2052_	1	0
2193	5_	1	0
2194	2053_	1	0
2195	2054_	1	0
2196	2055_	1	0
2197	5_	1	2
2198	2056_	1	0
2199	2057_	1	0
2200	5_	1	0
2201	2059_	1	0
2202	5_	0	1
2203	2060_	1	0
2204	2061_	1	0
2205	2062_	1	0
2205	3408_	0	1
2206	5_	0	1
2207	5_	0	1
2208	2063_	1	0
2209	2064_	1	0
2210	2065_	1	0
2211	2067_	1	0
2212	2068_	1	0
2213	2070_	1	0
2214	2071_	1	0
2215	2072_	1	0
2216	5_	0	1
2217	2073_	1	0
2218	2074_	1	0
2219	5_	1	0
2219	2075_	1	0
2220	5_	2	0
2221	5_	1	0
2222	5_	0	1
2223	2076_	1	0
2224	2077_	1	0
2225	2078_	1	0
2226	5_	1	0
2227	2079_	1	0
2228	490_	0	1
2229	2080_	1	0
2230	5_	1	0
2231	340_	1	0
2232	340_	0	1
2233	2081_	1	0
2234	2082_	1	0
2235	5_	0	1
2236	5_	0	1
2237	2083_	1	0
2238	2084_	1	0
2239	2085_	1	0
2240	2086_	1	0
2241	2087_	1	0
2242	2088_	1	0
2243	2089_	1	0
2244	5_	0	1
2245	5_	1	0
2246	2096_	1	0
2247	2097_	1	0
2248	2099_	1	0
2249	2100_	1	0
2250	2101_	1	0
2251	2103_	1	0
2252	2105_	1	0
2253	2106_	1	0
2254	2107_	1	0
2255	2108_	1	0
2256	5_	1	0
2257	5_	0	1
2258	2109_	1	0
2259	5_	0	2
2260	2110_	1	0
2260	2122_	1	0
2261	5_	0	1
2262	2111_	1	0
2263	2112_	1	0
2263	2122_	0	1
2264	2111_	0	1
2265	5_	0	1
2266	2114_	1	0
2266	2115_	1	0
2267	2116_	1	0
2267	3664_	0	1
2268	2117_	1	0
2269	2118_	1	0
2270	2119_	1	0
2271	2121_	1	0
2272	2123_	1	0
2273	5_	1	0
2274	2124_	1	0
2275	2127_	1	0
2276	2128_	1	0
2277	2129_	1	0
2278	2130_	1	0
2279	2131_	1	0
2280	2133_	1	0
2281	5_	1	0
2282	2134_	1	0
2283	2135_	1	0
2284	5_	1	0
2285	2136_	1	0
2286	2137_	1	0
2287	2138_	1	0
2288	2139_	1	0
2289	2140_	1	0
2290	2141_	1	0
2291	5_	1	0
2292	2143_	1	0
2293	2144_	1	0
2294	5_	1	0
2295	2145_	1	0
2296	2146_	1	0
2297	2147_	1	0
2298	2148_	1	0
2299	5_	0	1
2300	2149_	1	0
2301	2150_	1	0
2302	2151_	1	0
2303	5_	0	1
2304	2152_	1	0
2305	5_	1	0
2306	407_	1	0
2307	2153_	1	0
2308	2154_	1	0
2309	2155_	1	0
2310	2156_	1	0
2311	1670_	0	1
2312	2158_	1	0
2313	2160_	1	0
2314	2161_	1	0
2315	2162_	1	0
2316	2163_	1	0
2317	2164_	1	0
2317	2345_	1	0
2318	2165_	1	0
2319	2167_	1	0
2320	2168_	1	0
2320	3322_	1	0
2321	5_	1	0
2322	2171_	1	0
2323	2175_	1	0
2324	2176_	1	0
2325	2177_	1	0
2326	2178_	1	0
2327	2179_	1	0
2328	2180_	1	0
2329	5_	0	1
2330	2181_	1	0
2331	2182_	1	0
2332	2183_	1	0
2333	2184_	1	0
2334	2185_	1	0
2335	2186_	1	0
2336	2187_	1	0
2337	2188_	1	0
2338	2189_	1	0
2339	2190_	1	0
2340	5_	1	0
2340	1809_	0	1
2341	5_	1	0
2342	2191_	1	0
2343	5_	1	0
2344	2192_	1	0
2345	2193_	1	0
2346	2194_	1	0
2347	5_	0	1
2348	2195_	1	0
2349	2196_	1	0
2350	2197_	1	0
2351	2198_	1	0
2352	2199_	1	0
2353	2200_	1	0
2354	5_	0	1
2355	2202_	1	0
2356	2203_	1	0
2357	2204_	1	0
2358	2205_	1	0
2359	2206_	1	0
2360	5_	1	0
2361	2208_	1	0
2362	2209_	1	0
2363	2210_	1	0
2364	941_	1	0
2365	5_	0	1
2366	2211_	1	0
2367	5_	0	1
2368	2212_	1	0
2369	2213_	1	0
2370	5_	0	1
2371	2214_	1	0
2372	2215_	1	0
2373	2216_	1	0
2374	2218_	1	0
2375	2219_	1	0
2376	2220_	1	0
2377	2221_	1	0
2378	2222_	1	0
2379	2223_	1	0
2380	2224_	1	0
2381	2225_	1	0
2382	5_	1	0
2383	2226_	1	0
2384	2227_	1	0
2385	2228_	1	0
2386	2229_	1	0
2387	5_	0	1
2388	2230_	1	0
2389	5_	1	0
2390	2231_	1	0
2391	2232_	1	0
2392	2233_	1	0
2393	2234_	1	0
2394	2235_	1	0
2395	2236_	1	0
2396	2237_	1	0
2397	2238_	1	0
2398	2239_	1	0
2399	2240_	1	0
2400	2241_	1	0
2401	2242_	1	0
2402	2243_	1	0
2403	2244_	1	0
2404	2245_	1	0
2405	2246_	1	0
2406	5_	1	0
2407	2247_	1	0
2408	5_	1	0
2409	2248_	1	0
2410	5_	1	0
2411	2249_	1	0
2412	2250_	1	0
2413	2251_	1	0
2414	5_	0	1
2415	2252_	1	0
2416	2253_	1	0
2417	2254_	1	0
2418	941_	1	0
2419	2255_	1	0
2420	2256_	1	0
2421	2257_	1	0
2422	5_	0	1
2423	5_	0	1
2424	2258_	1	0
2425	2260_	1	0
2426	2262_	1	0
2427	2263_	1	0
2428	1005_	1	0
2429	5_	1	0
2429	2542_	1	0
2429	4228_	0	1
2430	2266_	1	0
2431	2267_	1	0
2432	5_	0	1
2433	2269_	1	0
2434	2270_	1	0
2435	2271_	1	0
2436	5_	0	1
2437	2272_	1	0
2438	2273_	1	0
2439	5_	0	1
2440	2274_	1	0
2441	2275_	1	0
2442	141_	1	0
2443	2278_	1	0
2444	2280_	1	0
2445	2281_	1	0
2446	2282_	1	0
2447	2283_	1	0
2448	2284_	1	0
2449	2285_	1	0
2450	2286_	1	0
2451	2287_	1	0
2452	2288_	1	0
2453	2289_	1	0
2454	2291_	1	0
2455	2292_	1	0
2456	5_	1	0
2457	2293_	1	0
2458	2294_	1	0
2459	5_	1	0
2460	2295_	1	0
2461	2296_	1	0
2462	5_	1	0
2463	2298_	1	0
2464	2299_	1	0
2465	5_	1	0
2466	2300_	1	0
2467	2301_	1	0
2468	5_	0	2
2468	1447_	0	1
2469	1447_	1	0
2470	2302_	1	0
2471	2303_	1	0
2472	2305_	1	0
2473	2306_	1	0
2474	2307_	1	0
2475	2308_	1	0
2476	2309_	1	0
2477	5_	0	1
2478	2310_	1	0
2479	2311_	1	0
2480	2312_	1	0
2481	2314_	1	0
2482	5_	1	0
2483	2315_	1	0
2484	2316_	1	0
2485	5_	0	1
2486	2317_	1	0
2487	2318_	1	0
2488	2319_	1	0
2489	2320_	1	0
2490	2321_	1	0
2491	2323_	1	0
2492	584_	0	1
2493	2324_	1	0
2494	2325_	1	0
2495	2326_	1	0
2496	2327_	1	0
2497	5_	0	1
2498	2328_	1	0
2498	3496_	0	1
2499	2329_	1	0
2500	2330_	1	0
2501	2331_	1	0
2502	5_	1	0
2503	2333_	1	0
2504	2334_	1	0
2505	2335_	1	0
2506	2336_	1	0
2507	5_	0	1
2508	2337_	1	0
2509	2338_	1	0
2510	5_	0	1
2511	2339_	1	0
2512	2341_	1	0
2513	2342_	1	0
2514	2343_	1	0
2515	5_	0	1
2516	2344_	1	0
2517	2346_	1	0
2518	5_	1	0
2519	799_	0	1
2520	2348_	1	0
2521	2349_	1	0
2522	2350_	1	0
2523	2351_	1	0
2524	5_	1	0
2525	5_	0	1
2526	1137_	0	1
2526	2168_	1	0
2527	2352_	1	0
2528	2353_	1	0
2529	2354_	1	0
2530	2355_	1	0
2531	5_	1	0
2531	3386_	0	1
2532	2359_	1	0
2533	2360_	1	0
2534	2361_	1	0
2535	2362_	1	0
2536	2363_	1	0
2537	2364_	1	0
2538	5_	0	1
2539	2366_	1	0
2540	2367_	1	0
2540	3855_	1	0
2541	2368_	1	0
2542	5_	1	0
2543	2369_	1	0
2544	2370_	1	0
2545	5_	3	0
2546	2371_	1	0
2547	2372_	1	0
2548	2373_	1	0
2549	5_	1	0
2550	703_	1	0
2551	2374_	1	0
2552	2375_	1	0
2553	5_	1	0
2554	2376_	1	0
2555	2377_	1	0
2556	2378_	1	0
2557	5_	1	0
2558	5_	1	0
2559	2381_	1	0
2560	2382_	1	0
2561	2383_	1	0
2562	2384_	1	0
2563	2385_	1	0
2564	2386_	1	0
2565	2387_	1	0
2566	5_	0	1
2567	5_	1	0
2568	2388_	1	0
2569	2389_	1	0
2570	2390_	1	0
2571	2391_	1	0
2572	2393_	1	0
2573	2394_	1	0
2574	2395_	1	0
2575	5_	0	1
2576	5_	0	1
2577	2396_	1	0
2578	2397_	1	0
2579	2398_	1	0
2580	2399_	1	0
2581	2400_	1	0
2582	2402_	1	0
2583	318_	0	1
2583	2403_	1	0
2583	2453_	0	1
2583	2645_	0	1
2583	3849_	1	0
2584	2405_	1	0
2585	2406_	1	0
2586	2407_	1	0
2587	2408_	1	0
2588	5_	0	1
2589	2409_	1	0
2590	5_	0	1
2591	2411_	1	0
2592	5_	1	0
2593	5_	1	0
2594	2413_	1	0
2595	2415_	1	0
2596	5_	0	1
2597	5_	1	0
2598	2416_	1	0
2599	5_	1	0
2600	2417_	1	0
2601	2418_	1	0
2602	2419_	1	0
2603	2422_	1	0
2604	2423_	1	0
2605	2424_	1	0
2606	2425_	1	0
2607	2426_	1	0
2607	2779_	1	0
2608	2427_	1	0
2609	5_	0	1
2610	2428_	1	0
2611	2429_	1	0
2612	5_	0	1
2612	2430_	1	0
2612	3203_	1	0
2613	2431_	1	0
2614	2432_	1	0
2615	2433_	1	0
2616	2434_	1	0
2617	2435_	1	0
2617	2437_	1	0
2617	3002_	1	0
2617	3231_	2	0
2618	5_	0	1
2619	2438_	1	0
2620	2439_	1	0
2621	5_	1	0
2622	5_	0	1
2623	2053_	1	0
2623	2440_	1	0
2624	2441_	1	0
2625	2444_	1	0
2626	2445_	1	0
2627	2446_	1	0
2628	2447_	1	0
2629	2448_	1	0
2630	2449_	1	0
2631	2450_	1	0
2632	2451_	1	0
2633	2452_	1	0
2634	2454_	1	0
2635	2455_	1	0
2636	2456_	1	0
2637	2457_	1	0
2638	2458_	1	0
2639	5_	0	1
2640	2460_	1	0
2641	2461_	1	0
2642	5_	1	0
2643	2463_	1	0
2644	2464_	1	0
2645	2465_	1	0
2646	5_	1	0
2647	2468_	1	0
2648	2469_	1	0
2649	5_	1	0
2650	5_	0	1
2651	2471_	1	0
2652	5_	1	0
2653	5_	1	0
2654	2473_	1	0
2655	2474_	1	0
2656	2475_	1	0
2657	2476_	1	0
2658	2478_	1	0
2659	2479_	1	0
2660	2480_	1	0
2661	2481_	1	0
2662	2482_	1	0
2663	2483_	1	0
2664	2485_	1	0
2665	2487_	1	0
2666	5_	1	0
2667	2488_	1	0
2668	2489_	1	0
2669	2490_	1	0
2670	2491_	1	0
2671	1129_	1	0
2672	2493_	1	0
2673	1726_	1	0
2674	2495_	1	0
2675	2496_	1	0
2676	2497_	1	0
2677	2498_	1	0
2678	2499_	1	0
2679	1129_	0	1
2680	5_	1	0
2681	2500_	1	0
2682	2501_	1	0
2683	2502_	1	0
2684	2503_	1	0
2685	5_	1	0
2686	2505_	1	0
2687	2506_	1	0
2688	2507_	1	0
2689	2508_	1	0
2690	2509_	1	0
2691	2510_	1	0
2692	2511_	1	0
2693	2512_	1	0
2694	2513_	1	0
2695	2514_	1	0
2696	2515_	1	0
2697	2516_	1	0
2697	4051_	0	1
2698	5_	0	1
2699	2517_	1	0
2700	2518_	1	0
2701	5_	0	1
2702	2519_	1	0
2703	5_	0	1
2704	2521_	1	0
2705	2522_	1	0
2706	2523_	1	0
2707	2524_	1	0
2708	2525_	1	0
2709	2526_	1	0
2710	2530_	1	0
2711	5_	0	1
2712	2531_	1	0
2713	2533_	1	0
2714	5_	0	1
2715	2535_	1	0
2716	5_	1	0
2717	2536_	1	0
2718	2537_	1	0
2719	5_	0	1
2720	2538_	1	0
2720	2639_	0	1
2721	1812_	1	0
2722	2540_	1	0
2723	5_	1	0
2724	2541_	1	0
2725	2543_	1	0
2726	2544_	1	0
2727	2545_	1	0
2728	2546_	1	0
2729	2547_	1	0
2730	2548_	1	0
2731	2549_	1	0
2732	2550_	1	0
2733	2552_	1	0
2734	5_	0	1
2734	4060_	1	0
2735	2553_	1	0
2736	2554_	1	0
2737	2555_	1	0
2738	2556_	1	0
2739	2557_	1	0
2740	5_	0	2
2740	2558_	1	0
2741	2559_	1	0
2742	2561_	1	0
2743	2562_	1	0
2744	5_	0	1
2745	2564_	1	0
2746	2565_	1	0
2747	2566_	1	0
2748	1657_	1	0
2749	2567_	1	0
2750	5_	1	0
2751	5_	2	0
2752	2568_	1	0
2753	2569_	1	0
2754	2570_	1	0
2755	2569_	1	0
2756	5_	0	1
2757	2571_	1	0
2758	2573_	1	0
2759	2574_	1	0
2760	5_	1	0
2761	5_	1	0
2762	2577_	1	0
2763	2578_	1	0
2764	5_	1	0
2765	2579_	1	0
2766	2580_	1	0
2767	2581_	1	0
2768	2582_	1	0
2769	2583_	1	0
2770	2584_	1	0
2771	2585_	1	0
2772	2586_	1	0
2773	5_	0	1
2774	2587_	1	0
2775	2588_	1	0
2776	5_	0	1
2777	5_	0	1
2778	318_	0	1
2779	2590_	1	0
2780	5_	1	0
2781	2592_	1	0
2782	2595_	1	0
2783	2596_	1	0
2784	2597_	1	0
2785	5_	1	0
2786	2598_	1	0
2787	2599_	1	0
2788	2601_	1	0
2789	5_	0	1
2789	2602_	1	0
2790	5_	0	1
2791	5_	1	0
2792	2064_	0	1
2793	5_	1	0
2794	2603_	1	0
2795	2606_	1	0
2796	2607_	1	0
2797	2608_	1	0
2798	2609_	1	0
2799	5_	1	0
2800	2610_	1	0
2801	2611_	1	0
2802	2612_	1	0
2803	2613_	1	0
2804	5_	1	0
2805	2614_	1	0
2806	2612_	0	1
2807	2615_	1	0
2808	2616_	1	0
2809	2617_	1	0
2810	2618_	1	0
2811	2620_	1	0
2812	2621_	1	0
2813	5_	0	1
2814	5_	0	1
2815	2623_	1	0
2816	189_	0	1
2817	1380_	0	1
2818	5_	0	1
2819	2626_	1	0
2820	2627_	1	0
2821	5_	0	1
2822	2628_	1	0
2823	5_	0	1
2824	2629_	1	0
2825	2630_	1	0
2826	2631_	1	0
2827	2632_	1	0
2828	2633_	1	0
2829	5_	0	1
2830	5_	0	1
2831	5_	1	0
2832	2635_	1	0
2833	2636_	1	0
2834	2637_	1	0
2835	2638_	1	0
2836	2640_	1	0
2837	2642_	1	0
2838	2643_	1	0
2839	2647_	1	0
2840	2648_	1	0
2841	2649_	1	0
2842	2650_	1	0
2843	5_	1	0
2844	5_	1	0
2845	2651_	1	0
2846	2652_	1	0
2847	5_	1	0
2848	2653_	1	0
2849	2654_	1	0
2850	2655_	1	0
2851	2656_	1	0
2852	2657_	1	0
2853	2659_	1	0
2854	2660_	1	0
2855	2661_	1	0
2856	5_	1	0
2857	2662_	1	0
2858	2663_	1	0
2859	2664_	1	0
2860	2665_	1	0
2861	2666_	1	0
2862	5_	0	1
2863	5_	1	1
2863	2970_	1	0
2864	2668_	1	0
2865	5_	1	0
2866	2670_	1	0
2866	3479_	1	0
2866	3698_	0	1
2867	2671_	1	0
2868	2672_	1	0
2869	2673_	1	0
2869	3285_	0	1
2870	2674_	1	0
2871	5_	0	1
2872	2678_	1	0
2873	2679_	1	0
2874	2680_	1	0
2875	2681_	1	0
2876	2682_	1	0
2877	5_	0	1
2878	2683_	1	0
2879	2684_	1	0
2880	5_	1	0
2881	5_	0	1
2881	120_	0	1
2882	2686_	1	0
2883	2687_	1	0
2884	5_	0	1
2885	2688_	1	0
2886	2690_	1	0
2887	2691_	1	0
2888	5_	0	1
2889	5_	1	0
2890	5_	1	0
2891	2694_	1	0
2892	2697_	1	0
2893	2698_	1	0
2894	2699_	1	0
2895	2700_	1	0
2896	2701_	1	0
2897	2702_	1	0
2898	2703_	1	0
2899	2704_	1	0
2900	2705_	1	0
2901	2707_	1	0
2902	2708_	1	0
2903	2709_	1	0
2904	2710_	1	0
2905	2713_	1	0
2906	5_	0	1
2907	5_	0	1
2908	5_	0	1
2909	2715_	1	0
2910	2716_	1	0
2911	5_	0	1
2912	2717_	1	0
2913	5_	1	0
2914	2719_	1	0
2915	2720_	1	0
2916	2721_	1	0
2917	2722_	1	0
2918	2723_	1	0
2919	5_	2	0
2920	2724_	1	0
2921	2725_	1	0
2922	2726_	1	0
2923	5_	1	0
2924	2729_	1	0
2925	5_	1	0
2926	2730_	1	0
2927	2730_	0	1
2928	2731_	1	0
2929	2733_	1	0
2930	2734_	1	0
2931	2735_	1	0
2932	5_	0	1
2933	2736_	1	0
2934	2737_	1	0
2935	2738_	1	0
2936	2739_	1	0
2937	2741_	1	0
2938	5_	0	1
2939	2742_	1	0
2940	5_	1	0
2941	5_	1	0
2942	5_	0	1
2943	5_	1	0
2944	2743_	1	0
2945	2746_	1	0
2946	2748_	1	0
2947	5_	0	1
2948	2750_	1	0
2949	2752_	1	0
2950	5_	0	1
2951	2754_	1	0
2952	2755_	1	0
2953	2756_	1	0
2954	2757_	1	0
2954	2759_	1	0
2955	2758_	1	0
2956	2760_	1	0
2957	5_	0	1
2958	2761_	1	0
2959	2762_	1	0
2960	2763_	1	0
2961	2764_	1	0
2962	2765_	1	0
2963	2766_	1	0
2964	2767_	1	0
2965	2768_	1	0
2966	2769_	1	0
2967	5_	0	1
2968	2770_	1	0
2969	2771_	1	0
2970	2772_	1	0
2971	2773_	1	0
2972	2774_	1	0
2973	5_	0	1
2974	2775_	1	0
2975	5_	1	0
2976	2776_	1	0
2977	2777_	1	0
2978	2778_	1	0
2979	2780_	1	0
2980	2781_	1	0
2981	2782_	1	0
2982	2783_	1	0
2983	2784_	1	0
2984	2786_	1	0
2985	2787_	1	0
2986	2788_	1	0
2987	5_	1	0
2988	2789_	1	0
2989	2790_	1	0
2990	5_	1	0
2991	2791_	1	0
2992	2792_	1	0
2993	2793_	1	0
2994	2794_	1	0
2995	2795_	1	0
2996	5_	0	1
2997	2796_	1	0
2998	2797_	1	0
2999	2798_	1	0
3000	2799_	1	0
3001	2801_	1	0
3001	2805_	0	1
3002	2803_	1	0
3003	2804_	1	0
3004	2807_	1	0
3005	189_	1	0
3006	5_	0	1
3007	2808_	1	0
3008	2809_	1	0
3009	2810_	1	0
3010	2812_	1	0
3011	2813_	1	0
3012	2815_	1	0
3013	5_	2	1
3013	2816_	1	0
3014	2817_	1	0
3015	2819_	1	0
3016	2820_	1	0
3017	5_	1	0
3018	2822_	1	0
3019	2824_	1	0
3020	5_	0	1
3021	5_	1	0
3022	2828_	1	0
3023	2829_	1	0
3024	2830_	1	0
3025	5_	0	1
3026	2831_	1	0
3027	5_	0	1
3028	2833_	1	0
3029	5_	0	1
3030	2834_	1	0
3031	5_	0	1
3032	2836_	1	0
3033	2838_	1	0
3034	2839_	1	0
3035	2840_	1	0
3036	2841_	1	0
3037	2842_	1	0
3038	2843_	1	0
3039	5_	1	0
3040	5_	1	0
3041	5_	1	0
3042	2845_	1	0
3043	5_	1	0
3044	2848_	1	0
3045	2849_	1	0
3046	2850_	1	0
3047	2852_	1	0
3048	5_	1	0
3049	5_	0	1
3050	2853_	1	0
3051	5_	1	0
3052	5_	2	0
3053	2854_	1	0
3054	2855_	1	0
3055	5_	0	1
3056	2857_	1	0
3057	2858_	1	0
3058	2860_	1	0
3059	5_	1	0
3059	2004_	0	1
3059	3457_	1	0
3060	5_	0	1
3061	2864_	1	0
3062	2865_	1	0
3063	2866_	1	0
3064	5_	1	0
3065	2868_	1	0
3066	2869_	1	0
3067	2870_	1	0
3068	2871_	1	0
3069	2872_	1	0
3070	2873_	1	0
3071	5_	1	0
3072	2874_	1	0
3073	2875_	1	0
3074	2876_	1	0
3075	2877_	1	0
3076	5_	1	0
3077	503_	1	0
3078	2880_	1	0
3079	5_	1	0
3080	2881_	1	0
3081	2883_	1	0
3082	5_	0	1
3083	5_	0	1
3084	5_	0	1
3085	2885_	1	0
3086	5_	1	0
3087	5_	0	1
3088	5_	1	0
3089	5_	0	1
3090	5_	1	0
3091	2888_	1	0
3092	2890_	1	0
3093	2891_	1	0
3094	2893_	1	0
3095	5_	1	0
3096	2895_	1	0
3097	2896_	1	0
3098	5_	0	1
3099	2897_	1	0
3100	2899_	1	0
3101	2900_	1	0
3102	5_	0	1
3103	2901_	1	0
3104	2902_	1	0
3105	2903_	1	0
3106	2904_	1	0
3107	5_	1	0
3108	2905_	1	0
3109	5_	0	1
3110	2906_	1	0
3111	2907_	1	0
3112	5_	1	0
3113	2909_	1	0
3114	2910_	1	0
3115	2911_	1	0
3116	5_	1	0
3117	2912_	1	0
3118	2913_	1	0
3119	2914_	1	0
3120	2915_	1	0
3121	836_	0	1
3122	2916_	1	0
3123	2917_	1	0
3124	2918_	1	0
3125	2919_	1	0
3126	5_	1	0
3127	2921_	1	0
3127	3347_	1	0
3128	5_	1	0
3129	5_	1	0
3130	2922_	1	0
3131	2923_	1	0
3132	2924_	1	0
3133	2925_	1	0
3134	2125_	1	0
3135	2926_	1	0
3136	2927_	1	0
3137	2928_	1	0
3138	2929_	1	0
3139	2930_	1	0
3140	2931_	1	0
3141	2933_	1	0
3142	2934_	1	0
3143	2935_	1	0
3144	2936_	1	0
3145	2937_	1	0
3146	2938_	1	0
3147	2939_	1	0
3148	2940_	1	0
3149	2941_	1	0
3150	2942_	1	0
3151	2943_	1	0
3152	2944_	1	0
3153	2945_	1	0
3154	5_	1	0
3155	2946_	1	0
3156	2947_	1	0
3157	2948_	1	0
3158	2949_	1	0
3159	2950_	1	0
3160	2951_	1	0
3161	2952_	1	0
3162	5_	1	0
3163	2953_	1	0
3164	2954_	1	0
3165	2955_	1	0
3166	2956_	1	0
3167	2957_	1	0
3168	5_	0	1
3169	5_	0	1
3170	5_	1	0
3171	2958_	1	0
3172	2959_	1	0
3173	2960_	1	0
3174	2961_	1	0
3175	2962_	1	0
3176	2963_	1	0
3177	5_	0	1
3178	2964_	1	0
3179	5_	1	0
3180	2965_	1	0
3181	5_	0	1
3182	2966_	1	0
3183	5_	0	1
3184	2967_	1	0
3185	2968_	1	0
3186	2969_	1	0
3187	5_	0	1
3188	2971_	1	0
3189	5_	1	0
3190	2972_	1	0
3191	2973_	1	0
3192	5_	1	0
3193	2975_	1	0
3194	2976_	1	0
3195	2889_	0	1
3196	2977_	1	0
3197	2979_	1	0
3198	2980_	1	0
3199	2981_	1	0
3200	2982_	1	0
3201	2983_	1	0
3202	5_	1	0
3203	2984_	1	0
3204	2985_	1	0
3205	5_	0	1
3206	2986_	1	0
3207	2987_	1	0
3208	5_	1	0
3209	2988_	1	0
3210	2989_	1	0
3211	2990_	1	0
3212	5_	1	0
3213	2991_	1	0
3214	2993_	1	0
3215	2995_	1	0
3216	5_	0	1
3217	2996_	1	0
3218	5_	1	0
3219	5_	1	0
3220	2997_	1	0
3221	5_	0	1
3222	2998_	1	0
3223	2999_	1	0
3224	3000_	1	0
3225	3001_	1	0
3226	5_	0	1
3227	5_	1	0
3228	3003_	1	0
3229	3004_	1	0
3230	5_	0	1
3231	3005_	1	0
3232	3007_	1	0
3233	3008_	1	0
3234	3009_	1	0
3235	3012_	1	0
3236	5_	0	1
3237	3014_	1	0
3238	3016_	1	0
3239	3017_	1	0
3240	5_	0	1
3241	2899_	1	0
3242	3019_	1	0
3243	3020_	1	0
3244	3021_	1	0
3245	3022_	1	0
3246	3023_	1	0
3247	3024_	1	0
3248	3025_	1	0
3249	3027_	1	0
3250	3028_	1	0
3251	3029_	1	0
3252	3030_	1	0
3253	3031_	1	0
3254	3032_	1	0
3255	3033_	1	0
3256	3035_	1	0
3257	5_	1	0
3258	3036_	1	0
3259	3037_	1	0
3260	3038_	1	0
3261	3040_	1	0
3262	3041_	1	0
3263	3042_	1	0
3264	3043_	1	0
3265	3044_	1	0
3266	3045_	1	0
3267	5_	1	0
3268	3048_	1	0
3269	3049_	1	0
3270	3050_	1	0
3271	3051_	1	0
3272	3052_	1	0
3273	3054_	1	0
3274	3055_	1	0
3275	5_	0	1
3276	3057_	1	0
3277	3060_	1	0
3278	5_	1	0
3279	3062_	1	0
3280	3063_	1	0
3281	3064_	1	0
3282	3065_	1	0
3283	3066_	1	0
3284	3067_	1	0
3285	5_	1	0
3286	5_	1	0
3287	3069_	1	0
3288	5_	1	2
3289	5_	1	0
3290	5_	0	1
3291	3070_	1	0
3292	3071_	1	0
3293	3072_	1	0
3294	5_	1	0
3295	3073_	1	0
3296	5_	1	0
3297	5_	1	0
3298	3074_	1	0
3299	3075_	1	0
3300	3077_	1	0
3301	3078_	1	0
3302	5_	0	1
3303	3079_	1	0
3304	3080_	1	0
3305	3081_	1	0
3306	3082_	1	0
3307	5_	0	1
3308	3083_	1	0
3309	5_	0	1
3309	3084_	1	0
3310	3085_	1	0
3311	5_	0	1
3312	5_	1	0
3313	3086_	1	0
3314	3088_	1	0
3315	3089_	1	0
3316	3090_	1	0
3317	3091_	1	0
3318	3092_	1	0
3319	5_	1	0
3320	3093_	1	0
3321	3095_	1	0
3322	3096_	1	0
3323	3097_	1	0
3324	3098_	1	0
3325	3100_	1	0
3326	3101_	1	0
3327	5_	1	0
3328	5_	1	0
3329	3102_	1	0
3329	3884_	1	0
3330	3103_	1	0
3331	3104_	1	0
3332	3105_	1	0
3333	5_	0	1
3334	3106_	1	0
3335	5_	1	0
3336	5_	0	1
3336	3107_	1	0
3337	3108_	1	0
3338	5_	1	0
3339	3109_	1	0
3340	3110_	1	0
3341	5_	0	1
3342	3112_	1	0
3343	5_	0	1
3344	3115_	1	0
3344	4087_	1	0
3345	3095_	0	1
3346	5_	1	0
3347	3116_	1	0
3348	5_	0	1
3349	3117_	1	0
3350	3119_	1	0
3351	3120_	1	0
3352	3121_	1	0
3353	3122_	1	0
3354	3123_	1	0
3355	3124_	1	0
3356	3125_	1	0
3357	3126_	1	0
3358	3128_	1	0
3359	3129_	1	0
3360	3130_	1	0
3361	1774_	1	0
3362	3131_	1	0
3363	3132_	1	0
3364	3133_	1	0
3365	3134_	1	0
3366	5_	1	0
3367	3135_	1	0
3368	3136_	1	0
3369	5_	0	1
3370	3137_	1	0
3371	3138_	1	0
3372	3139_	1	0
3373	5_	0	1
3374	3140_	1	0
3375	3141_	1	0
3376	3143_	1	0
3377	3144_	1	0
3378	3145_	1	0
3379	3147_	1	0
3380	3148_	1	0
3381	3149_	1	0
3382	3152_	1	0
3383	3154_	1	0
3384	3155_	1	0
3385	3156_	1	0
3386	5_	1	0
3387	3157_	1	0
3388	3158_	1	0
3389	5_	0	1
3390	5_	1	0
3391	5_	0	1
3392	3160_	1	0
3393	614_	0	1
3394	3161_	1	0
3394	3340_	0	1
3395	3162_	1	0
3396	5_	1	0
3397	3163_	1	0
3398	3164_	1	0
3399	3165_	1	0
3400	3166_	1	0
3401	3168_	1	0
3402	5_	1	0
3403	5_	1	0
3404	3170_	1	0
3405	3171_	1	0
3406	3176_	1	0
3407	3177_	1	0
3408	5_	1	0
3409	3178_	1	0
3410	3179_	1	0
3411	3180_	1	0
3412	3181_	1	0
3413	3182_	1	0
3414	3183_	1	0
3415	5_	0	1
3416	5_	1	0
3417	3184_	1	0
3418	3185_	1	0
3419	3186_	1	0
3420	5_	1	0
3421	5_	0	1
3422	3188_	1	0
3423	3189_	1	0
3424	3192_	1	0
3425	3193_	1	0
3426	5_	0	1
3427	5_	0	1
3428	3194_	1	0
3429	3195_	1	0
3430	3196_	1	0
3431	5_	1	0
3432	5_	0	1
3433	5_	1	0
3434	3198_	1	0
3435	3199_	1	0
3436	2798_	1	0
3437	3200_	1	0
3438	3201_	1	0
3439	3204_	1	0
3440	5_	0	1
3441	3205_	1	0
3442	3206_	1	0
3443	3207_	1	0
3444	3208_	1	0
3445	5_	0	1
3446	5_	0	1
3447	3209_	1	0
3448	3210_	1	0
3449	3211_	1	0
3450	5_	1	0
3451	3212_	1	0
3452	3213_	1	0
3453	5_	1	0
3454	5_	0	1
3455	3214_	1	0
3456	3215_	1	0
3457	3216_	1	0
3458	3218_	1	0
3459	3219_	1	0
3460	5_	1	0
3461	3221_	1	0
3462	2540_	1	0
3463	3222_	1	0
3464	3225_	1	0
3465	3226_	1	0
3466	3227_	1	0
3467	3228_	1	0
3468	5_	1	0
3469	3232_	1	0
3470	3234_	1	0
3471	5_	0	1
3472	3235_	1	0
3473	3236_	1	0
3474	3237_	1	0
3475	5_	0	1
3476	5_	0	1
3477	3239_	1	0
3478	3240_	1	0
3479	3241_	1	0
3480	3242_	1	0
3481	3243_	1	0
3482	3244_	1	0
3483	3245_	1	0
3484	3246_	1	0
3485	3247_	1	0
3486	3248_	1	0
3486	3366_	1	0
3487	5_	1	0
3488	3249_	1	0
3489	3251_	1	0
3490	3252_	1	0
3491	703_	1	0
3492	3253_	1	0
3493	3254_	1	0
3494	3255_	1	0
3495	3257_	1	0
3496	3258_	1	0
3497	3259_	1	0
3498	5_	0	1
3499	3260_	1	0
3500	5_	0	1
3501	3261_	1	0
3502	3262_	1	0
3503	3263_	1	0
3504	3264_	1	0
3505	3265_	1	0
3506	3266_	1	0
3507	3267_	1	0
3508	3268_	1	0
3508	4129_	1	0
3509	3269_	1	0
3510	2634_	0	1
3511	3272_	1	0
3512	5_	1	0
3513	3273_	1	0
3514	3274_	1	0
3515	3275_	1	0
3516	3276_	1	0
3517	3277_	1	0
3518	3279_	1	0
3519	5_	0	1
3520	3283_	1	0
3521	3284_	1	0
3522	3286_	1	0
3523	3287_	1	0
3524	5_	1	0
3525	3289_	1	0
3526	3290_	1	0
3527	3291_	1	0
3528	3292_	1	0
3529	3293_	1	0
3530	3294_	1	0
3531	3295_	1	0
3532	5_	1	0
3533	3296_	1	0
3534	3297_	1	0
3535	3298_	1	0
3536	3299_	1	0
3537	5_	1	0
3538	3301_	1	0
3539	3302_	1	0
3540	3305_	1	0
3541	5_	1	0
3542	3306_	1	0
3543	3307_	1	0
3544	3308_	1	0
3545	3309_	1	0
3546	3310_	1	0
3547	3311_	1	0
3548	3312_	1	0
3549	3313_	1	0
3550	5_	0	1
3551	3314_	1	0
3552	3315_	1	0
3553	3316_	1	0
3554	3317_	1	0
3555	3318_	1	0
3556	3319_	1	0
3557	5_	1	0
3558	3321_	1	0
3559	3323_	1	0
3560	2168_	0	1
3560	3324_	1	0
3561	3325_	1	0
3562	5_	1	0
3563	5_	1	0
3564	3326_	1	0
3565	3327_	1	0
3566	3329_	1	0
3567	5_	0	1
3568	3330_	1	0
3569	3331_	1	0
3570	3332_	1	0
3571	3333_	1	0
3572	3334_	1	0
3573	3335_	1	0
3574	3336_	1	0
3575	3337_	1	0
3576	2819_	0	1
3577	3338_	1	0
3578	3339_	1	0
3579	2986_	1	0
3580	5_	1	0
3581	3342_	1	0
3582	5_	0	1
3583	3343_	1	0
3584	3344_	1	0
3585	3346_	1	0
3586	5_	1	0
3587	3350_	1	0
3588	3351_	1	0
3589	5_	1	0
3590	3352_	1	0
3591	3353_	1	0
3592	3354_	1	0
3593	3355_	1	0
3594	2332_	1	0
3595	3356_	1	0
3596	5_	0	1
3597	3357_	1	0
3598	3358_	1	0
3599	3360_	1	0
3600	3361_	1	0
3601	5_	1	0
3602	3362_	1	0
3603	5_	0	1
3604	3363_	1	0
3605	3364_	1	0
3606	3365_	1	0
3607	5_	0	1
3608	5_	0	1
3609	3367_	1	0
3610	3368_	1	0
3611	5_	0	1
3612	3370_	1	0
3613	3372_	1	0
3614	3373_	1	0
3615	3374_	1	0
3616	3375_	1	0
3617	3376_	1	0
3618	3377_	1	0
3619	3378_	1	0
3620	3379_	1	0
3621	3381_	1	0
3622	3382_	1	0
3623	3383_	1	0
3624	3384_	1	0
3625	3385_	1	0
3626	3388_	1	0
3627	3389_	1	0
3628	3390_	1	0
3629	3391_	1	0
3630	3392_	1	0
3631	3393_	1	0
3632	3394_	1	0
3633	3395_	1	0
3634	3398_	1	0
3635	3399_	1	0
3636	3400_	1	0
3637	3402_	1	0
3638	1356_	0	1
3639	3403_	1	0
3640	5_	1	0
3641	3405_	1	0
3642	3406_	1	0
3643	3407_	1	0
3644	5_	1	0
3645	3409_	1	0
3646	3410_	1	0
3647	3411_	1	0
3648	3412_	1	0
3649	3413_	1	0
3650	5_	1	0
3651	3414_	1	0
3652	5_	1	0
3653	3415_	1	0
3654	3416_	1	0
3655	3417_	1	0
3656	3418_	1	0
3657	3419_	1	0
3658	3420_	1	0
3659	3421_	1	0
3660	3422_	1	0
3661	3427_	1	0
3662	5_	0	1
3663	5_	0	1
3664	3428_	1	0
3665	3430_	1	0
3666	5_	1	0
3667	3431_	1	0
3668	3432_	1	0
3669	3433_	1	0
3670	5_	0	1
3671	3436_	1	0
3672	3438_	1	0
3673	3439_	1	0
3674	3440_	1	0
3675	3327_	1	0
3676	3441_	1	0
3677	3442_	1	0
3678	3443_	1	0
3679	3444_	1	0
3680	3446_	1	0
3681	3447_	1	0
3682	3448_	1	0
3683	3450_	1	0
3684	3451_	1	0
3685	3453_	1	0
3686	3455_	1	0
3687	5_	1	0
3688	3458_	1	0
3689	621_	1	0
3690	3459_	1	0
3691	3463_	1	0
3692	3465_	1	0
3693	3468_	1	0
3694	3469_	1	0
3695	3470_	1	0
3696	5_	1	0
3697	3472_	1	0
3698	3473_	1	0
3699	5_	1	0
3700	3475_	1	0
3701	3476_	1	0
3702	3477_	1	0
3703	3478_	1	0
3704	3481_	1	0
3705	3482_	1	0
3706	5_	1	0
3707	611_	1	0
3708	3483_	1	0
3709	3484_	1	0
3710	3485_	1	0
3711	3487_	1	0
3712	3489_	1	0
3713	3490_	1	0
3714	643_	0	1
3715	3491_	1	0
3716	3492_	1	0
3717	5_	0	1
3718	3493_	1	0
3719	3494_	1	0
3720	3495_	1	0
3721	3497_	1	0
3722	3498_	1	0
3723	3500_	1	0
3724	3501_	1	0
3725	3502_	1	0
3726	3503_	1	0
3727	3504_	1	0
3728	2679_	1	0
3729	5_	1	0
3730	3506_	1	0
3731	3507_	1	0
3732	3508_	1	0
3733	5_	1	0
3734	3510_	1	0
3735	5_	1	0
3736	3511_	1	0
3737	3512_	1	0
3738	3513_	1	0
3739	5_	1	0
3740	3514_	1	0
3741	3518_	1	0
3742	3519_	1	0
3743	1774_	1	0
3743	3520_	1	0
3744	5_	1	0
3745	3521_	1	0
3746	3522_	1	0
3747	3523_	1	0
3748	3524_	1	0
3749	3525_	1	0
3750	3526_	1	0
3751	3527_	1	0
3752	3529_	1	0
3753	3531_	1	0
3754	3533_	1	0
3755	3534_	1	0
3756	3535_	1	0
3757	3536_	1	0
3758	3537_	1	0
3759	3538_	1	0
3760	3539_	1	0
3761	3540_	1	0
3762	3541_	1	0
3763	3542_	1	0
3764	3543_	1	0
3765	3545_	1	0
3766	5_	1	0
3767	3547_	1	0
3768	5_	0	1
3769	5_	0	1
3770	3549_	1	0
3771	3550_	1	0
3772	3552_	1	0
3772	3998_	0	1
3773	5_	0	1
3774	3553_	1	0
3775	3554_	1	0
3776	5_	1	0
3777	5_	1	0
3778	3556_	1	0
3779	5_	1	0
3780	3557_	1	0
3781	3558_	1	0
3782	3560_	1	0
3783	3561_	1	0
3784	1304_	1	0
3785	5_	1	0
3786	3562_	1	0
3787	3563_	1	0
3788	3565_	1	0
3789	3566_	1	0
3790	3567_	1	0
3791	3568_	1	0
3792	3569_	1	0
3793	5_	0	1
3794	3570_	1	0
3795	3571_	1	0
3796	5_	1	0
3797	3573_	1	0
3798	3574_	1	0
3799	3575_	1	0
3800	5_	0	1
3801	3578_	1	0
3802	3580_	1	0
3803	3582_	1	0
3804	3583_	1	0
3805	3584_	1	0
3806	3585_	1	0
3807	5_	0	1
3807	4253_	1	0
3808	3587_	1	0
3809	3589_	1	0
3810	3590_	1	0
3811	3591_	1	0
3812	3592_	1	0
3813	3593_	1	0
3814	3594_	1	0
3815	3595_	1	0
3816	3596_	1	0
3817	3597_	1	0
3818	3598_	1	0
3819	5_	1	0
3820	3599_	1	0
3821	3600_	1	0
3822	3601_	1	0
3823	3602_	1	0
3824	3603_	1	0
3825	3604_	1	0
3826	5_	0	1
3827	3605_	1	0
3828	3606_	1	0
3829	3607_	1	0
3830	3608_	1	0
3831	3609_	1	0
3832	3610_	1	0
3833	3611_	1	0
3834	5_	0	1
3835	5_	1	0
3836	3613_	1	0
3837	3614_	1	0
3838	3615_	1	0
3839	5_	1	0
3840	5_	1	0
3841	5_	1	0
3842	3616_	1	0
3843	3617_	1	0
3844	3618_	1	0
3845	3619_	1	0
3846	3620_	1	0
3847	3624_	1	0
3848	3625_	1	0
3849	3626_	1	0
3850	3628_	1	0
3851	3630_	1	0
3852	5_	1	0
3853	3631_	1	0
3854	3632_	1	0
3855	3633_	1	0
3856	3634_	1	0
3857	3635_	1	0
3858	3637_	1	0
3859	3638_	1	0
3860	3639_	1	0
3861	3640_	1	0
3862	3641_	1	0
3863	3642_	1	0
3864	3645_	1	0
3865	5_	0	1
3866	3647_	1	0
3867	3648_	1	0
3868	5_	0	1
3869	3649_	1	0
3870	5_	1	0
3871	3650_	1	0
3872	3651_	1	0
3873	3654_	1	0
3874	3655_	1	0
3875	3656_	1	0
3876	3643_	0	1
3877	5_	0	1
3878	5_	1	0
3879	5_	1	0
3880	2569_	1	0
3881	3658_	1	0
3882	5_	0	1
3883	3661_	1	0
3884	3662_	1	0
3885	3663_	1	0
3886	3665_	1	0
3887	3666_	1	0
3888	3667_	1	0
3889	3668_	1	0
3890	5_	1	0
3891	5_	0	1
3892	3669_	1	0
3893	3019_	1	0
3894	3670_	1	0
3895	3671_	1	0
3896	3672_	1	0
3897	5_	0	1
3898	2600_	1	0
3899	5_	2	0
3900	5_	0	1
3901	3675_	1	0
3902	3676_	1	0
3903	3677_	1	0
3904	3678_	1	0
3905	3679_	1	0
3906	3680_	1	0
3907	3682_	1	0
3908	3683_	1	0
3909	5_	1	0
3910	3684_	1	0
3911	3686_	1	0
3912	490_	1	0
3912	3269_	0	1
3912	4230_	0	1
3913	3688_	1	0
3914	3689_	1	0
3915	3690_	1	0
3916	3053_	0	1
3917	3692_	1	0
3918	5_	0	1
3919	5_	0	1
3920	5_	1	0
3921	3693_	1	0
3922	3694_	1	0
3923	3695_	1	0
3924	3696_	1	0
3925	3697_	1	0
3926	271_	1	0
3927	3699_	1	0
3928	3700_	1	0
3929	3701_	1	0
3930	3702_	1	0
3931	5_	1	0
3932	5_	0	1
3933	3704_	1	0
3934	3705_	1	0
3935	5_	0	1
3936	3114_	1	0
3937	3706_	1	0
3938	3709_	1	0
3939	3710_	1	0
3940	3711_	1	0
3941	5_	1	1
3942	3712_	1	0
3943	3714_	1	0
3944	3715_	1	0
3945	5_	1	0
3946	3716_	1	0
3947	3717_	1	0
3948	3718_	1	0
3949	3720_	1	0
3950	3721_	1	0
3951	3722_	1	0
3952	3723_	1	0
3953	3724_	1	0
3954	3725_	1	0
3955	3726_	1	0
3956	1204_	1	0
3957	3727_	1	0
3958	3728_	1	0
3959	3730_	1	0
3960	3731_	1	0
3961	5_	1	0
3962	3732_	1	0
3963	3733_	1	0
3964	3734_	1	0
3965	3735_	1	0
3966	3736_	1	0
3967	5_	1	0
3968	3737_	1	0
3969	1090_	0	1
3970	3739_	1	0
3971	3740_	1	0
3972	5_	1	0
3973	5_	1	0
3974	3741_	1	0
3975	3742_	1	0
3976	3743_	1	0
3977	3744_	1	0
3978	3745_	1	0
3979	5_	0	1
3980	3746_	1	0
3981	3747_	1	0
3982	3748_	1	0
3983	5_	0	1
3984	5_	1	0
3985	5_	1	0
3986	3749_	1	0
3987	3750_	1	0
3988	3751_	1	0
3989	3752_	1	0
3990	3753_	1	0
3991	3754_	1	0
3992	3755_	1	0
3993	5_	1	0
3994	3757_	1	0
3995	3758_	1	0
3996	3759_	1	0
3997	3760_	1	0
3998	3761_	1	0
3999	3762_	1	0
4000	5_	1	0
4001	5_	0	1
4002	3139_	0	1
4003	5_	0	1
4004	5_	0	1
4005	3765_	1	0
4006	3766_	1	0
4007	5_	1	0
4008	3767_	1	0
4009	3769_	1	0
4010	3770_	1	0
4011	3771_	1	0
4012	3772_	1	0
4013	3774_	1	0
4014	3775_	1	0
4015	3776_	1	0
4016	3777_	1	0
4017	3778_	1	0
4018	3779_	1	0
4019	3780_	1	0
4020	3782_	1	0
4021	3783_	1	0
4022	3784_	1	0
4023	3785_	1	0
4024	3786_	1	0
4025	3788_	1	0
4026	3789_	1	0
4027	3790_	1	0
4028	3791_	1	0
4029	3792_	1	0
4030	3793_	1	0
4031	3795_	1	0
4032	3796_	1	0
4033	5_	1	0
4034	3797_	1	0
4035	3798_	1	0
4036	3799_	1	0
4037	3800_	1	0
4038	3801_	1	0
4039	3803_	1	0
4040	3806_	1	0
4041	3807_	1	0
4042	3808_	1	0
4043	3811_	1	0
4044	3812_	1	0
4045	3815_	1	0
4046	3816_	1	0
4047	5_	1	0
4048	3817_	1	0
4049	3818_	1	0
4050	3819_	1	0
4051	3821_	1	0
4052	5_	0	1
4053	5_	0	1
4054	3823_	1	0
4055	3824_	1	0
4056	3825_	1	0
4057	3827_	1	0
4058	3828_	1	0
4059	5_	0	1
4060	3830_	1	0
4061	3832_	1	0
4062	3834_	1	0
4063	3835_	1	0
4064	3780_	0	1
4065	3837_	1	0
4066	3838_	1	0
4067	3839_	1	0
4068	3841_	1	0
4069	3842_	1	0
4070	3843_	1	0
4071	3844_	1	0
4072	3846_	1	0
4073	3847_	1	0
4074	3848_	1	0
4075	3850_	1	0
4076	3851_	1	0
4077	3852_	1	0
4078	5_	0	1
4079	5_	1	0
4080	3854_	1	0
4081	5_	0	1
4082	5_	0	1
4083	3688_	1	0
4084	3857_	1	0
4085	3858_	1	0
4086	3860_	1	0
4087	5_	0	1
4088	3861_	1	0
4089	5_	0	1
4090	5_	0	1
4091	3862_	1	0
4092	3863_	1	0
4093	2420_	0	1
4094	5_	1	0
4095	5_	1	0
4096	3865_	1	0
4097	3866_	1	0
4098	5_	1	0
4099	3868_	1	0
4100	5_	0	1
4101	3869_	1	0
4102	5_	1	0
4103	3870_	1	0
4104	3871_	1	0
4105	3872_	1	0
4106	3873_	1	0
4107	3874_	1	0
4108	3875_	1	0
4109	3876_	1	0
4110	5_	0	1
4110	4009_	0	1
4111	3877_	1	0
4112	3878_	1	0
4113	3879_	1	0
4114	548_	1	0
4115	3880_	1	0
4116	3881_	1	0
4117	3882_	1	0
4118	3883_	1	0
4119	3885_	1	0
4120	3885_	1	0
4121	3886_	1	0
4122	5_	0	1
4123	3887_	1	0
4124	3888_	1	0
4125	5_	1	0
4126	3889_	1	0
4127	3890_	1	0
4128	3891_	1	0
4129	3892_	1	0
4130	3893_	1	0
4131	3894_	1	0
4132	3895_	1	0
4133	5_	1	0
4134	3896_	1	0
4135	5_	0	1
4136	3897_	1	0
4137	5_	1	0
4138	3898_	1	0
4139	3899_	1	0
4140	3900_	1	0
4141	3901_	1	0
4142	3902_	1	0
4143	3903_	1	0
4144	3904_	1	0
4145	3905_	1	0
4146	3906_	1	0
4147	5_	0	1
4148	5_	0	1
4149	3907_	1	0
4150	3908_	1	0
4151	3910_	1	0
4152	3912_	1	0
4153	3913_	1	0
4154	5_	0	1
4155	2650_	0	1
4156	3914_	1	0
4157	3915_	1	0
4158	3916_	1	0
4159	3917_	1	0
4160	3918_	1	0
4161	5_	0	1
4162	3922_	1	0
4163	5_	1	0
4164	3923_	1	0
4165	3486_	1	0
4166	3924_	1	0
4167	3924_	0	1
4168	3925_	1	0
4169	3926_	1	0
4170	3927_	1	0
4171	3928_	1	0
4172	3929_	1	0
4173	3930_	1	0
4174	3931_	1	0
4175	3933_	1	0
4176	3934_	1	0
4177	3935_	1	0
4178	3936_	1	0
4179	3937_	1	0
4180	3938_	1	0
4181	5_	1	0
4182	3939_	1	0
4183	5_	1	0
4184	3941_	1	0
4185	3942_	1	0
4186	3945_	1	0
4187	5_	0	1
4188	3946_	1	0
4189	5_	1	0
4190	5_	1	0
4191	5_	0	1
4192	5_	1	0
4193	3948_	1	0
4194	5_	1	0
4195	3842_	0	1
4196	3954_	1	0
4197	5_	0	1
4198	3955_	1	0
4199	3956_	1	0
4200	3957_	1	0
4201	3958_	1	0
4202	3959_	1	0
4203	5_	0	1
4204	3960_	1	0
4205	3962_	1	0
4206	5_	1	0
4207	3964_	1	0
4208	5_	1	0
4209	3965_	1	0
4210	3966_	1	0
4211	3967_	1	0
4212	3968_	1	0
4213	3970_	1	0
4214	3972_	1	0
4215	3974_	1	0
4216	3975_	1	0
4217	3976_	1	0
4218	3979_	1	0
4219	3981_	1	0
4220	3982_	1	0
4221	3983_	1	0
4222	713_	0	1
4223	3986_	1	0
4224	5_	0	1
4225	3987_	1	0
4226	3989_	1	0
4227	3990_	1	0
4228	3991_	1	0
4229	3992_	1	0
4230	3993_	1	0
4231	3994_	1	0
4232	3995_	1	0
4233	3996_	1	0
4234	3997_	1	0
4235	3999_	1	0
4236	4000_	1	0
4237	4001_	1	0
4238	5_	1	0
4239	5_	0	1
4240	5_	0	1
4241	4002_	1	0
4242	5_	1	0
4243	5_	1	0
4244	5_	1	0
4245	5_	0	1
4246	4003_	1	0
4247	5_	0	1
4248	5_	1	0
4249	4004_	1	0
4250	5_	0	1
4251	4005_	1	0
4252	4006_	1	0
4253	4007_	1	0
4254	4008_	1	0
4255	4011_	1	0
4256	5_	0	1
4257	2691_	0	1
4258	4012_	1	0
4259	4013_	1	0
4260	4015_	1	0
4261	4016_	1	0
4262	4017_	1	0
4263	4018_	1	0
4264	5_	1	0
4265	4021_	1	0
4266	5_	0	1
4267	4022_	1	0
4268	4023_	1	0
4269	4024_	1	0
4269	4113_	1	0
4270	5_	0	1
4271	4026_	1	0
4272	5_	0	1
4273	4030_	1	0
4274	4031_	1	0
4275	4032_	1	0
4276	4033_	1	0
4277	4034_	1	0
4278	4035_	1	0
4279	4036_	1	0
4280	4037_	1	0
4281	4039_	1	0
4282	4040_	1	0
4283	651_	0	1
4284	5_	0	1
4285	4041_	1	0
4286	4042_	1	0
4287	4043_	1	0
4288	4044_	1	0
4289	4045_	1	0
4290	4046_	1	0
4291	4047_	1	0
4292	5_	1	0
4293	3594_	0	1
4294	4048_	1	0
4295	4049_	1	0
4296	4050_	1	0
4297	4052_	1	0
4298	5_	0	1
4299	4053_	1	0
4300	4054_	1	0
4301	3620_	0	1
4302	568_	1	0
4303	4055_	1	0
4304	4056_	1	0
4305	4057_	1	0
4306	4058_	1	1
4307	4061_	1	0
4308	4062_	1	0
4309	4065_	1	0
4310	548_	0	1
4311	5_	0	1
4312	2022_	1	0
4313	4066_	1	0
4314	4067_	1	0
4315	5_	0	1
4316	4069_	1	0
4317	4070_	1	0
4318	5_	1	0
4319	4071_	1	0
4320	5_	0	1
4321	4072_	1	0
4322	4073_	1	0
4323	4074_	1	0
4324	4075_	1	0
4325	4076_	1	0
4326	4077_	1	0
4327	4078_	1	0
4328	4079_	1	0
4329	4081_	1	0
4330	4084_	1	0
4331	4085_	1	0
4332	4086_	1	0
4333	4088_	1	0
4334	4089_	1	0
4335	5_	0	1
4336	5_	0	1
4337	5_	0	1
4338	4091_	1	0
4339	5_	0	1
4340	4092_	1	0
4341	5_	0	1
4342	5_	0	1
4343	4093_	1	0
4344	4094_	1	0
4345	3379_	0	1
4346	4095_	1	0
4347	4096_	1	0
4348	4097_	1	0
4349	5_	0	1
4350	5_	1	0
4351	4098_	1	0
4352	5_	0	1
4353	4099_	1	0
4354	4100_	1	0
4355	4101_	1	0
4356	4102_	1	0
4357	4103_	1	0
4358	4104_	1	0
4359	4105_	1	0
4360	4107_	1	0
4361	5_	0	1
4362	4108_	1	0
4363	4109_	1	0
4364	4110_	1	0
4365	5_	0	1
4366	4112_	1	0
4367	4114_	1	0
4368	4115_	1	0
4369	4116_	1	0
4370	4117_	1	0
4371	4118_	1	0
4372	4121_	1	0
4373	4123_	1	0
4374	5_	1	0
4375	4125_	1	0
4376	4126_	1	0
4377	5_	1	0
4378	4128_	1	0
4379	4130_	1	0
4380	5_	0	1
4381	4132_	1	0
4382	4133_	1	0
4383	4135_	1	0
4384	4136_	1	0
4385	5_	1	0
4386	4139_	1	0
4387	4140_	1	0
4388	4141_	1	0
4389	4142_	1	0
4390	5_	1	0
4391	5_	0	1
4392	4143_	1	0
4393	5_	0	1
4394	4144_	1	0
4395	5_	1	0
4396	4145_	1	0
4397	4146_	1	0
4398	4147_	1	0
4399	4148_	1	0
4400	4149_	1	0
4401	4150_	1	0
4402	5_	1	0
4403	4151_	1	0
4404	4152_	1	0
4405	4153_	1	0
4406	4154_	1	0
4407	4155_	1	0
4408	4156_	1	0
4409	5_	0	1
4410	5_	1	0
4411	5_	1	0
4412	4158_	1	0
4413	5_	0	1
4414	4161_	1	0
4415	4163_	1	0
4416	5_	1	0
4417	4166_	1	0
4418	4167_	1	0
4419	4168_	1	0
4420	4169_	1	0
4421	4170_	1	0
4422	4171_	1	0
4423	548_	1	0
4424	4172_	1	0
4425	5_	1	0
4426	4173_	1	0
4427	5_	0	1
4428	4174_	1	0
4429	4175_	1	0
4430	4176_	1	0
4431	4177_	1	0
4432	4178_	1	0
4433	4180_	1	0
4434	4181_	1	0
4435	4183_	1	0
4436	4184_	1	0
4437	4185_	1	0
4438	4186_	1	0
4439	4188_	1	0
4440	4189_	1	0
4441	5_	1	0
4442	4190_	1	0
4443	2781_	0	1
4444	4191_	1	0
4445	4192_	1	0
4446	4195_	1	0
4447	4196_	1	0
4448	4197_	1	0
4449	4198_	1	0
4450	5_	0	1
4451	4199_	1	0
4452	4200_	1	0
4453	4201_	1	0
4454	5_	1	0
4455	4202_	1	0
4456	5_	1	0
4457	4203_	1	0
4458	4204_	1	0
4459	4205_	1	0
4460	4206_	1	0
4461	3269_	0	1
4462	5_	0	1
4463	4209_	1	0
4464	4210_	1	0
4465	4211_	1	0
4466	4212_	1	0
4467	4213_	1	0
4468	5_	1	0
4469	4214_	1	0
4470	4216_	1	0
4471	4217_	1	0
4472	4218_	1	0
4473	5_	0	1
4474	4219_	1	0
4475	4220_	1	0
4476	4221_	1	0
4477	4222_	1	0
4478	4223_	1	0
4479	4224_	1	0
4480	4225_	1	0
4481	4226_	1	0
4482	4227_	1	0
4483	4229_	1	0
4484	3269_	0	1
4485	4231_	1	0
4486	5_	0	1
4487	4232_	1	0
4488	4233_	1	0
4489	5_	2	0
4490	4234_	1	0
4491	4235_	1	0
4492	4236_	1	0
4493	5_	1	0
4494	4237_	1	0
4495	1727_	1	0
4496	1986_	1	0
4497	4239_	1	0
4498	4240_	1	0
4499	4241_	1	0
4500	5_	1	0
4501	6_	0	1
4502	5_	0	1
4503	4242_	1	0
4504	4243_	1	0
4505	2648_	0	1
4506	4244_	1	0
4507	5_	0	1
4508	4245_	1	0
4509	4246_	1	0
4510	4247_	1	0
4511	4248_	1	0
4512	4249_	1	0
4513	4250_	1	0
4514	4251_	1	0
4515	4252_	1	0
4516	3938_	0	1
4517	5_	1	0
4518	4254_	1	0
