number of components in fip-graph= 0
 0
1 0
10 0
1000 0
1002 0
1003 0
1007 0
1009 0
1013 0
1014 0
1023 0
1024 0
1029 0
103 0
1036 0
1037 0
1039 0
104 0
1041 0
1043 0
1044 0
1049 0
105 0
1050 0
1051 0
1052 0
1054 0
1056 0
1063 0
1064 0
1070 0
1072 0
1074 0
1077 0
1080 0
1082 0
1084 0
1085 0
1087 0
1088 0
1089 0
1090 0
1091 0
1094 0
1095 0
1097 0
1098 0
1102 0
1110 0
1112 0
1120 0
1122 0
1124 0
1126 0
1129 0
1130 0
1139 0
1145 0
1147 0
1148 0
1151 0
1153 0
1154 0
1157 0
1158 0
1159 0
116 0
1160 0
1161 0
1162 0
1163 0
1164 0
1166 0
1168 0
1175 0
1178 0
118 0
1181 0
1182 0
1183 0
1185 0
1187 0
1188 0
1189 0
1192 0
1194 0
1195 0
12 0
1200 0
1203 0
1208 0
1212 0
1214 0
1217 0
1218 0
1220 0
1223 0
1226 0
1227 0
1228 0
1229 0
1231 0
1236 0
124 0
1240 0
1244 0
1245 0
1248 0
1249 0
1251 0
1252 0
1253 0
1255 0
1257 0
1259 0
1263 0
1265 0
1266 0
1268 0
1269 0
1270 0
1271 0
1272 0
1273 0
1275 0
1277 0
1283 0
1292 0
1296 0
1297 0
1299 0
1301 0
1303 0
1306 0
1308 0
1310 0
1313 0
1314 0
1317 0
1322 0
1324 0
1326 0
133 0
1330 0
1331 0
1333 0
1335 0
1336 0
1337 0
1339 0
134 0
1341 0
1344 0
1346 0
1348 0
135 0
1350 0
1352 0
1355 0
136 0
1360 0
1362 0
1365 0
1366 0
1371 0
1372 0
1373 0
1376 0
1377 0
1378 0
138 0
1380 0
1383 0
1386 0
1387 0
1388 0
1391 0
1397 0
14 0
1400 0
1401 0
1402 0
1406 0
1409 0
141 0
1410 0
1414 0
1416 0
1419 0
1421 0
1425 0
1427 0
1430 0
1432 0
1437 0
1438 0
1439 0
1440 0
1443 0
1458 0
1459 0
146 0
1463 0
1470 0
1471 0
1473 0
1483 0
1484 0
1494 0
1498 0
1499 0
15 0
150 0
1503 0
1505 0
1506 0
1508 0
1509 0
151 0
1511 0
1514 0
1517 0
152 0
1520 0
1523 0
1525 0
1526 0
1527 0
153 0
1533 0
1535 0
1541 0
1543 0
1548 0
1549 0
1552 0
1556 0
1560 0
1561 0
1566 0
1568 0
1570 0
1574 0
1575 0
1576 0
1577 0
158 0
1584 0
159 0
1590 0
1591 0
1594 0
160 0
1600 0
1602 0
1603 0
1604 0
1610 0
1614 0
1618 0
162 0
1623 0
1629 0
1630 0
1632 0
1634 0
1635 0
1640 0
1645 0
1647 0
1649 0
1651 0
1652 0
1653 0
1655 0
1657 0
1661 0
1662 0
1670 0
1671 0
1675 0
1678 0
1680 0
1682 0
1685 0
1697 0
1698 0
17 0
170 0
1700 0
1701 0
1706 0
1707 0
1708 0
1711 0
1717 0
1721 0
1722 0
1725 0
173 0
1731 0
1734 0
1735 0
1742 0
1746 0
175 0
1750 0
1753 0
1754 0
1759 0
1760 0
1762 0
1769 0
177 0
1771 0
1772 0
1773 0
1776 0
1779 0
178 0
1786 0
1787 0
1788 0
1789 0
1790 0
1796 0
1797 0
1798 0
18 0
1801 0
1807 0
1808 0
181 0
1812 0
1816 0
1820 0
1821 0
1823 0
1825 0
1826 0
1830 0
1832 0
1836 0
1837 0
1842 0
1843 0
1846 0
185 0
1851 0
1854 0
1859 0
1862 0
1863 0
1867 0
1868 0
1869 0
1871 0
1873 0
1874 0
1877 0
188 0
1881 0
1883 0
1887 0
1889 0
189 0
1895 0
1898 0
1899 0
19 0
1900 0
1904 0
1907 0
1909 0
1911 0
1914 0
1918 0
1920 0
1925 0
1927 0
1931 0
1939 0
194 0
1940 0
1951 0
1957 0
1958 0
1959 0
1960 0
1962 0
1972 0
1973 0
1976 0
1977 0
1978 0
1982 0
1983 0
1985 0
1988 0
1989 0
1991 0
1992 0
1996 0
200 0
2000 0
2001 0
2004 0
2005 0
2011 0
2012 0
2013 0
2016 0
2017 0
2020 0
2023 0
2027 0
2028 0
2029 0
2030 0
2032 0
2039 0
2043 0
2044 0
2045 0
2048 0
2053 0
2055 0
2057 0
2058 0
2059 0
206 0
2066 0
2071 0
2072 0
2077 0
2078 0
2082 0
209 0
2094 0
2095 0
2097 0
2098 0
2099 0
210 0
2100 0
2101 0
2102 0
2108 0
2113 0
2140 0
2141 0
2144 0
215 0
2150 0
2153 0
2154 0
2158 0
216 0
2160 0
2163 0
2169 0
217 0
2170 0
2172 0
2173 0
2174 0
2181 0
2183 0
219 0
2196 0
22 0
220 0
2202 0
2204 0
2206 0
2207 0
2218 0
2220 0
2221 0
2225 0
2231 0
2233 0
2238 0
2239 0
224 0
2244 0
2246 0
2250 0
2251 0
2252 0
2254 0
2256 0
2258 0
2259 0
226 0
2264 0
2265 0
2267 0
227 0
2270 0
2274 0
2275 0
2276 0
2278 0
2280 0
2281 0
2283 0
2286 0
2289 0
2290 0
2294 0
2295 0
23 0
230 0
2307 0
231 0
2320 0
2321 0
2322 0
2323 0
2324 0
2332 0
2336 0
2337 0
2339 0
2340 0
2341 0
2342 0
2344 0
2347 0
2349 0
235 0
2352 0
2353 0
2354 0
2363 0
2364 0
2366 0
2367 0
237 0
2375 0
238 0
2380 0
2383 0
2388 0
2399 0
2406 0
2408 0
2410 0
2412 0
242 0
2422 0
2423 0
2427 0
2433 0
244 0
2441 0
2445 0
2449 0
2452 0
2453 0
2454 0
2456 0
2457 0
2461 0
2468 0
2471 0
2473 0
2476 0
248 0
249 0
25 0
257 0
26 0
261 0
268 0
269 0
270 0
273 0
274 0
275 0
276 0
277 0
28 0
280 0
283 0
286 0
287 0
301 0
302 0
303 0
304 0
307 0
308 0
31 0
310 0
311 0
315 0
316 0
32 0
325 0
327 0
333 0
336 0
337 0
339 0
34 0
340 0
341 0
343 0
348 0
349 0
35 0
352 0
356 0
368 0
37 0
371 0
374 0
377 0
382 0
388 0
39 0
392 0
396 0
398 0
399 0
4 0
400 0
402 0
404 0
407 0
408 0
409 0
410 0
411 0
412 0
417 0
419 0
42 0
421 0
423 0
424 0
426 0
428 0
437 0
439 0
44 0
441 0
443 0
445 0
446 0
449 0
45 0
452 0
459 0
46 0
461 0
463 0
464 0
466 0
47 0
470 0
471 0
472 0
473 0
474 0
475 0
476 0
478 0
479 0
481 0
484 0
487 0
488 0
49 0
491 0
493 0
495 0
496 0
498 0
50 0
500 0
502 0
505 0
507 0
509 0
512 0
513 0
514 0
516 0
517 0
518 0
519 0
52 0
521 0
530 0
531 0
534 0
537 0
542 0
546 0
547 0
548 0
549 0
553 0
558 0
562 0
563 0
564 0
565 0
57 0
570 0
572 0
573 0
579 0
58 0
580 0
581 0
582 0
584 0
585 0
587 0
59 0
592 0
597 0
6 0
60 0
600 0
607 0
61 0
611 0
612 0
614 0
62 0
620 0
621 0
623 0
628 0
63 0
634 0
635 0
636 0
639 0
64 0
645 0
648 0
65 0
651 0
652 0
654 0
655 0
657 0
658 0
659 0
66 0
663 0
669 0
671 0
677 0
68 0
680 0
683 0
687 0
69 0
691 0
692 0
694 0
695 0
696 0
697 0
698 0
7 0
70 0
702 0
708 0
714 0
717 0
721 0
722 0
723 0
726 0
728 0
730 0
732 0
733 0
734 0
736 0
737 0
74 0
740 0
743 0
745 0
746 0
749 0
750 0
758 0
768 0
77 0
774 0
775 0
776 0
781 0
784 0
787 0
788 0
790 0
798 0
804 0
805 0
807 0
808 0
81 0
813 0
815 0
816 0
818 0
819 0
82 0
820 0
823 0
824 0
825 0
829 0
836 0
837 0
839 0
840 0
843 0
846 0
849 0
852 0
853 0
857 0
86 0
862 0
865 0
868 0
87 0
871 0
88 0
880 0
882 0
883 0
888 0
89 0
892 0
894 0
898 0
899 0
90 0
907 0
910 0
911 0
917 0
919 0
927 0
929 0
937 0
939 0
94 0
941 0
942 0
943 0
947 0
948 0
949 0
952 0
958 0
959 0
96 0
961 0
962 0
964 0
969 0
97 0
971 0
973 0
976 0
977 0
978 0
979 0
986 0
988 0
993 0
995 0
