186
186
1 0 2 0 3
2 1 0 0 2
1 0 2 0 3
2 1 0 0 2
2 0 0 0 2
2 0 1 0 3
1 0 1 0 2
1 0 0 1 1
1 2 0 0 1
2 0 0 0 2
1 0 1 0 2
1 0 1 2 2
1 1 1 0 2
1 0 1 0 2
2 0 0 0 2
1 1 0 0 1
1 0 3 0 4
2 0 0 0 2
1 1 1 0 2
1 0 0 1 1
2 0 0 0 2
1 1 0 2 1
1 0 1 0 2
2 1 0 3 2
1 0 0 1 1
1 1 0 1 1
1 0 0 1 1
1 1 0 0 1
1 0 1 0 2
2 0 0 0 2
1 0 0 1 1
1 1 0 0 1
1 0 0 1 1
1 0 1 0 2
1 0 2 0 3
1 1 0 0 1
1 0 0 1 1
1 1 1 2 2
1 1 0 0 1
1 0 1 0 2
2 0 0 0 2
1 1 0 0 1
1 1 0 0 1
1 0 1 0 2
1 0 1 0 2
1 1 0 1 1
1 0 0 1 1
2 0 0 1 2
2 3 0 1 2
1 0 0 1 1
1 0 1 0 2
1 1 0 0 1
1 1 0 0 1
1 0 0 1 1
1 0 0 1 1
1 1 0 0 1
2 0 1 0 3
1 0 1 0 2
1 1 0 0 1
2 0 0 0 2
2 0 0 0 2
1 1 0 1 1
1 0 0 1 1
1 0 1 0 2
2 2 3 0 5
2 0 0 0 2
2 1 0 0 2
1 1 0 0 1
1 0 1 0 2
1 0 0 1 1
2 0 1 0 3
1 1 0 0 1
1 1 0 0 1
1 1 0 0 1
1 1 0 0 1
2 0 0 0 2
1 1 0 0 1
2 0 0 0 2
2 0 0 0 2
1 1 0 0 1
2 0 0 0 2
1 1 0 0 1
1 1 0 1 1
1 1 0 0 1
2 0 0 0 2
2 0 0 0 2
1 0 1 0 2
2 1 0 0 2
1 1 0 0 1
2 0 0 0 2
2 0 0 0 2
1 0 1 0 2
1 0 0 1 1
ACTL6A
AIRE
SF3B4
PCSK5
ASS1
RPS7
ASF1B
ERCC5
RING1
BPTF
DSC1
RAB1A
MYC
UBR2
IGBP1
HSPA9
TP53
WDR33
HUWE1
SUPT16H
IVNS1ABP
XPO1
PSMD11
PRPF31
TFE3
CUL3
PIAS1
DDX17
RPA1
GEMIN5
UBE2D1
ZFP42
TARS
EIF3A
YEATS4
USP7
NDUFS7
MKRN1
PDXDC1
LDOC1
SSBP1
PHC2
RPAP1
PTBP1
RUVBL1
NEDD8
RAB11B
UBC
RBM39
XRN2
SFN
SHFM1
UBE2E3
YY1
YOD1
