1	1_	1	0
2	2_	1	0
3	3_	1	0
4	4_	1	0
5	3_	0	1
6	3_	1	0
7	3_	393	426
7	5_	1	0
7	8_	1	0
7	16_	1	0
7	18_	1	0
7	21_	5	0
7	27_	0	1
7	29_	0	1
7	30_	1	1
7	38_	1	0
7	41_	1	0
7	56_	0	1
7	58_	1	0
7	61_	0	1
7	63_	1	0
7	69_	0	1
7	70_	1	0
7	76_	1	0
7	81_	0	1
7	85_	1	0
7	88_	1	0
7	89_	0	1
7	91_	1	0
7	102_	1	0
7	103_	0	2
7	106_	1	0
7	111_	1	0
7	112_	0	1
7	113_	1	0
7	115_	0	1
7	121_	1	0
7	122_	1	0
7	128_	1	0
7	138_	1	0
7	140_	1	0
7	146_	1	0
7	149_	0	1
7	151_	0	1
7	156_	2	0
7	157_	1	0
7	159_	0	1
7	165_	0	1
7	166_	0	1
7	176_	1	0
7	178_	1	0
7	182_	0	1
7	186_	1	0
7	189_	0	1
7	202_	1	0
7	210_	1	0
7	214_	0	1
7	218_	0	1
7	219_	1	0
7	223_	0	1
7	224_	0	1
7	226_	3	1
7	228_	0	1
7	229_	0	1
7	232_	1	0
7	233_	1	0
7	237_	0	1
7	238_	2	0
7	240_	1	0
7	246_	1	0
7	253_	0	2
7	258_	1	0
7	265_	1	0
7	266_	1	2
7	268_	0	1
7	272_	2	1
7	278_	1	0
7	279_	1	2
7	284_	1	0
7	285_	0	1
7	286_	1	0
7	290_	1	0
7	294_	0	1
7	296_	0	1
7	297_	1	0
7	298_	0	1
7	299_	0	1
7	300_	1	0
7	305_	2	0
7	306_	1	0
7	311_	2	0
7	312_	1	0
7	315_	1	1
7	317_	0	1
7	324_	1	0
7	325_	1	0
7	327_	0	1
7	329_	0	1
7	333_	1	0
7	334_	1	0
7	337_	1	1
7	341_	0	1
7	345_	0	2
7	347_	1	0
7	350_	1	0
7	353_	1	0
7	358_	1	0
7	359_	0	1
7	360_	0	1
7	365_	1	0
7	366_	1	0
7	367_	0	1
7	369_	1	0
7	373_	0	1
7	378_	1	0
7	385_	2	1
7	386_	0	1
7	388_	0	1
7	389_	1	0
7	390_	1	0
7	391_	0	1
7	400_	1	0
7	401_	1	0
7	407_	1	0
7	416_	0	1
7	425_	0	1
7	434_	1	0
7	438_	1	0
7	439_	1	0
7	442_	1	0
7	445_	1	0
7	448_	0	1
7	450_	1	0
7	454_	0	1
7	456_	0	1
7	459_	0	1
7	463_	2	0
7	465_	0	1
7	477_	1	2
7	478_	1	0
7	481_	0	1
7	482_	1	0
7	484_	0	1
7	485_	1	1
7	494_	1	0
7	495_	1	0
7	502_	0	1
7	505_	1	0
7	506_	1	0
7	507_	0	1
7	510_	0	1
7	521_	0	2
7	523_	1	0
7	524_	1	0
7	527_	1	0
7	533_	0	1
7	536_	1	0
7	537_	2	0
7	541_	0	1
7	542_	0	1
7	543_	0	1
7	549_	0	1
7	550_	0	1
7	551_	0	1
7	557_	1	0
7	558_	1	0
7	568_	0	1
7	569_	1	1
7	571_	1	0
7	573_	0	2
7	575_	2	2
7	577_	0	1
7	578_	1	0
7	581_	1	0
7	582_	1	0
7	584_	0	1
7	585_	1	0
7	586_	1	0
7	587_	1	0
7	588_	0	1
7	596_	0	1
7	599_	0	1
7	606_	1	0
7	609_	1	0
7	614_	1	1
7	615_	1	0
7	616_	1	0
7	617_	0	2
7	634_	1	0
7	636_	0	1
7	642_	1	1
7	643_	0	1
7	647_	0	1
7	657_	0	1
7	669_	0	1
7	676_	0	1
7	680_	0	1
7	681_	0	1
7	685_	1	0
7	690_	0	1
7	691_	0	1
7	698_	1	0
7	699_	0	1
7	702_	1	0
7	707_	0	1
7	709_	0	1
7	711_	0	2
7	715_	0	1
7	716_	0	1
7	721_	0	1
7	725_	0	1
7	727_	0	1
7	730_	0	1
7	733_	1	0
7	736_	0	1
7	740_	1	0
7	743_	1	0
7	744_	1	0
7	748_	1	0
7	749_	0	1
7	755_	1	0
7	758_	0	1
7	765_	1	0
7	776_	1	0
7	778_	0	1
7	779_	1	0
7	780_	1	0
7	787_	0	1
7	791_	1	0
7	793_	0	1
7	797_	0	1
7	804_	1	0
7	815_	1	0
7	816_	1	0
7	820_	0	1
7	824_	0	2
7	828_	1	0
7	843_	0	1
7	846_	0	1
7	849_	1	0
7	852_	1	0
7	856_	1	0
7	862_	1	0
7	868_	0	1
7	870_	0	1
7	872_	2	0
7	881_	1	0
7	883_	1	0
7	884_	1	0
7	891_	1	0
7	895_	1	0
7	897_	0	1
7	899_	0	1
7	903_	1	0
7	904_	1	0
7	906_	1	0
7	908_	1	0
7	910_	0	1
7	915_	1	2
7	916_	1	0
7	918_	0	1
7	922_	0	1
7	923_	1	1
7	928_	1	0
7	931_	1	1
7	932_	1	0
7	934_	0	1
7	939_	0	1
7	942_	0	1
7	946_	1	0
7	951_	0	1
7	953_	1	0
7	955_	0	1
7	956_	1	0
7	957_	0	1
7	958_	0	1
7	971_	1	0
7	973_	1	1
7	976_	1	0
7	978_	0	1
7	979_	1	0
7	981_	1	0
7	984_	0	1
7	985_	0	1
7	988_	1	0
7	994_	0	1
7	996_	0	1
7	998_	0	1
7	1000_	0	1
7	1002_	0	1
7	1009_	0	1
7	1015_	1	0
7	1016_	0	1
7	1018_	1	0
7	1019_	1	0
7	1024_	0	1
7	1025_	1	0
7	1027_	1	1
7	1032_	0	1
7	1042_	1	0
7	1045_	1	0
7	1053_	0	1
7	1054_	1	0
7	1057_	0	1
7	1058_	2	0
7	1063_	1	0
7	1064_	1	0
7	1067_	0	1
7	1069_	1	0
7	1075_	0	1
7	1076_	0	3
7	1083_	1	0
7	1085_	1	0
7	1086_	0	1
7	1094_	1	0
7	1096_	0	1
7	1099_	1	0
7	1102_	0	3
7	1105_	0	1
7	1115_	1	0
7	1121_	0	1
7	1123_	0	1
7	1140_	1	0
7	1141_	0	1
7	1145_	1	0
7	1147_	1	0
7	1149_	1	0
7	1151_	0	1
7	1156_	0	1
7	1159_	0	1
7	1160_	0	1
7	1171_	0	1
7	1178_	1	0
7	1179_	1	0
7	1180_	1	0
7	1182_	1	0
7	1183_	0	1
7	1184_	1	0
7	1188_	0	1
7	1191_	1	0
7	1193_	0	1
7	1194_	0	1
7	1195_	0	1
7	1201_	0	1
7	1205_	0	1
7	1207_	1	0
7	1226_	1	0
7	1231_	0	1
7	1236_	1	0
7	1244_	1	0
7	1245_	1	0
7	1249_	0	1
7	1263_	0	1
7	1266_	1	0
7	1269_	1	0
7	1276_	0	1
7	1277_	1	0
7	1284_	1	0
7	1285_	0	1
7	1296_	0	1
7	1299_	0	1
7	1301_	0	1
7	1303_	0	1
7	1306_	0	1
7	1308_	0	1
7	1317_	0	1
7	1320_	0	1
7	1322_	0	1
7	1324_	0	1
7	1325_	1	0
7	1326_	0	1
7	1332_	1	0
7	1338_	1	0
7	1339_	1	0
7	1341_	0	1
7	1345_	1	0
7	1347_	0	1
7	1351_	0	1
7	1353_	0	1
7	1360_	0	1
7	1367_	2	0
7	1368_	1	1
7	1369_	1	0
7	1370_	1	0
7	1372_	0	1
7	1373_	1	0
7	1380_	1	0
7	1390_	0	1
7	1393_	0	1
7	1394_	0	1
7	1396_	0	1
7	1407_	0	1
7	1408_	0	1
7	1409_	1	0
7	1414_	0	1
7	1421_	0	1
7	1422_	0	1
7	1426_	1	0
7	1436_	0	1
7	1439_	0	1
7	1442_	1	0
7	1445_	0	1
7	1449_	0	1
7	1450_	0	1
7	1451_	0	1
7	1454_	0	1
7	1459_	0	1
7	1464_	1	0
7	1465_	0	1
7	1473_	0	1
7	1474_	1	0
7	1478_	0	1
7	1479_	1	0
7	1483_	1	2
7	1489_	0	1
7	1490_	1	0
7	1495_	1	0
7	1496_	0	1
7	1497_	0	1
7	1501_	1	0
7	1506_	0	1
7	1510_	0	1
7	1511_	0	1
7	1512_	0	2
7	1513_	1	0
7	1516_	0	1
7	1525_	0	1
7	1531_	0	1
7	1540_	1	0
7	1547_	0	1
7	1565_	0	1
7	1566_	1	0
7	1571_	1	0
7	1585_	1	0
7	1592_	1	0
7	1611_	1	0
7	1612_	1	0
7	1613_	0	1
7	1615_	1	0
7	1618_	1	0
7	1624_	0	1
7	1627_	1	0
7	1628_	0	1
7	1630_	1	0
7	1637_	0	1
7	1640_	0	1
7	1641_	0	1
7	1646_	1	0
7	1648_	1	0
7	1650_	0	1
7	1656_	1	0
7	1659_	0	1
7	1661_	0	1
7	1668_	1	0
7	1676_	1	0
7	1677_	0	1
7	1695_	1	0
7	1703_	0	1
7	1709_	0	1
7	1710_	1	0
7	1711_	0	1
7	1712_	0	1
7	1718_	1	0
7	1722_	0	1
7	1730_	0	1
7	1737_	0	1
7	1741_	0	1
7	1742_	1	0
7	1744_	0	1
7	1746_	1	0
7	1749_	2	0
7	1756_	1	0
7	1762_	1	0
7	1763_	0	1
7	1771_	0	1
7	1774_	0	1
7	1776_	1	0
7	1781_	1	0
7	1783_	2	0
7	1788_	1	0
7	1789_	1	0
7	1796_	0	1
7	1797_	1	0
7	1800_	0	1
7	1802_	0	1
7	1803_	0	1
7	1806_	0	1
7	1811_	1	0
7	1812_	0	1
7	1813_	2	0
7	1814_	0	1
7	1819_	1	0
7	1823_	1	0
7	1828_	1	0
7	1832_	0	1
7	1833_	0	1
7	1840_	0	1
7	1841_	1	0
7	1842_	0	1
7	1843_	0	1
7	1844_	0	1
7	1845_	1	0
7	1846_	1	1
7	1847_	1	0
7	1852_	0	1
7	1857_	1	0
7	1858_	1	0
7	1859_	1	0
7	1862_	1	0
7	1874_	0	1
7	1875_	1	0
7	1881_	0	1
7	1883_	0	1
7	1887_	1	0
7	1892_	0	1
7	1900_	0	1
7	1902_	1	0
7	1906_	0	1
7	1910_	0	1
7	1911_	0	1
7	1912_	1	0
7	1922_	1	0
7	1923_	0	1
7	1934_	1	0
7	1935_	1	0
7	1941_	0	1
7	1947_	1	0
7	1950_	0	1
7	1954_	0	1
7	1956_	1	0
7	1959_	1	0
7	1961_	1	0
7	1965_	0	1
7	1973_	1	0
7	1974_	0	1
7	1979_	0	1
7	1983_	1	0
7	1985_	0	1
7	1986_	1	0
7	1993_	1	0
7	1998_	0	1
7	1999_	0	1
7	2003_	0	3
7	2006_	1	0
7	2009_	0	1
7	2013_	0	1
7	2019_	1	0
7	2026_	0	1
7	2027_	0	1
7	2032_	1	0
7	2033_	0	1
7	2035_	1	0
7	2039_	0	1
7	2042_	0	1
7	2049_	0	1
7	2052_	1	0
7	2058_	0	2
7	2062_	1	0
7	2063_	1	0
7	2064_	1	0
7	2067_	1	0
7	2068_	1	0
7	2070_	0	1
7	2073_	1	0
7	2075_	1	0
7	2078_	1	0
7	2088_	0	1
7	2094_	1	0
7	2096_	1	0
7	2106_	1	0
7	2109_	0	1
7	2111_	1	0
7	2116_	1	0
7	2119_	0	1
7	2120_	1	0
7	2128_	0	1
7	2130_	1	0
7	2131_	1	0
7	2135_	0	1
7	2140_	0	1
7	2142_	1	0
7	2156_	0	1
7	2162_	1	0
7	2164_	1	0
7	2174_	1	0
7	2181_	0	1
7	2182_	1	0
7	2186_	0	1
7	2188_	1	0
7	2190_	0	1
7	2194_	1	0
7	2201_	1	0
7	2202_	0	1
7	2204_	1	1
7	2209_	0	1
7	2210_	0	1
7	2212_	1	0
7	2215_	0	1
7	2217_	1	0
7	2224_	1	0
7	2228_	0	1
7	2230_	0	1
7	2231_	0	1
7	2234_	1	0
7	2244_	0	2
7	2246_	0	1
7	2248_	1	0
7	2253_	1	0
7	2254_	1	0
7	2280_	1	0
7	2290_	1	0
7	2292_	1	0
7	2299_	0	1
7	2305_	0	1
7	2309_	0	1
7	2313_	1	0
7	2314_	1	0
7	2316_	1	0
7	2317_	1	0
7	2320_	1	0
7	2321_	1	0
7	2330_	1	0
7	2341_	1	0
7	2349_	0	1
7	2353_	0	1
7	2363_	0	1
7	2364_	0	1
7	2366_	0	1
7	2371_	0	1
7	2373_	1	0
7	2377_	0	2
7	2379_	0	1
7	2380_	0	1
7	2383_	0	1
7	2385_	0	1
7	2388_	1	0
7	2397_	1	0
7	2401_	1	0
7	2404_	2	1
7	2413_	1	0
7	2414_	0	1
7	2417_	0	1
7	2426_	0	1
7	2427_	0	1
7	2429_	0	1
7	2439_	0	1
7	2440_	1	0
7	2446_	1	0
7	2447_	1	0
7	2461_	0	1
7	2463_	1	0
7	2469_	0	2
7	2473_	0	1
7	2474_	0	1
7	2475_	1	0
7	2477_	1	0
7	2478_	2	1
7	2480_	0	1
7	2481_	0	1
7	2482_	0	1
7	2483_	1	0
7	2485_	1	0
7	2486_	1	0
7	2487_	1	0
7	2489_	0	1
7	2492_	1	0
7	2495_	1	0
7	2496_	1	0
7	2503_	0	1
7	2505_	0	1
7	2506_	0	1
7	2509_	0	1
7	2513_	0	1
7	2516_	1	0
7	2519_	0	1
7	2521_	1	0
7	2525_	1	0
7	2537_	1	0
7	2543_	1	0
7	2544_	1	0
7	2554_	0	1
7	2562_	0	1
7	2566_	1	2
7	2569_	0	1
7	2570_	1	0
7	2574_	0	1
7	2575_	1	0
7	2576_	1	0
7	2578_	1	0
7	2583_	1	0
7	2584_	0	1
7	2586_	1	0
7	2587_	0	1
7	2588_	0	1
7	2589_	0	1
7	2604_	1	0
7	2610_	1	0
7	2611_	0	1
7	2612_	0	1
7	2613_	0	1
7	2615_	1	0
7	2616_	0	1
7	2618_	1	0
7	2621_	1	0
7	2628_	1	0
7	2633_	0	1
7	2635_	0	1
7	2640_	0	1
7	2642_	0	1
7	2643_	0	1
7	2649_	0	1
7	2663_	1	0
7	2666_	0	1
7	2673_	0	1
7	2674_	0	1
7	2676_	1	0
7	2677_	1	0
7	2681_	1	1
7	2685_	0	1
7	2686_	0	1
7	2688_	1	0
7	2691_	0	1
7	2692_	1	0
7	2694_	0	1
7	2696_	0	1
7	2698_	0	1
7	2700_	1	0
7	2702_	1	0
7	2703_	1	0
7	2705_	1	0
7	2706_	0	1
7	2707_	1	0
7	2708_	0	1
7	2711_	0	1
7	2717_	1	0
7	2719_	0	1
7	2722_	1	0
7	2729_	1	0
7	2731_	0	1
7	2733_	0	1
7	2735_	0	1
7	2742_	0	1
7	2743_	0	1
7	2752_	0	1
7	2753_	1	0
7	2755_	0	1
7	2756_	1	0
7	2760_	0	1
7	2766_	1	0
7	2768_	0	1
7	2774_	1	0
7	2776_	1	0
7	2780_	0	1
7	2781_	0	1
7	2783_	1	0
7	2787_	1	0
7	2792_	1	0
7	2793_	1	0
7	2795_	1	0
7	2799_	1	0
7	2810_	0	1
7	2817_	1	0
7	2818_	1	0
7	2821_	0	1
7	2825_	0	1
7	2832_	1	0
7	2838_	0	1
7	2844_	0	1
7	2849_	1	0
7	2857_	1	0
7	2873_	0	1
7	2877_	1	0
7	2890_	1	0
7	2892_	1	0
7	2898_	1	0
7	2905_	0	1
7	2910_	0	1
7	2923_	1	0
7	2929_	0	1
7	2930_	1	0
7	2931_	1	0
7	2932_	1	1
7	2933_	0	1
7	2935_	1	0
7	2936_	1	0
7	2945_	0	1
7	2947_	0	1
7	2948_	0	1
7	2952_	1	0
7	2957_	1	0
7	2959_	1	0
7	2960_	0	1
7	2961_	0	1
7	2962_	1	0
7	2966_	1	0
7	2986_	0	1
7	2988_	1	0
7	2989_	1	0
7	2990_	1	0
7	2993_	0	1
7	2995_	1	0
7	2999_	1	0
7	3001_	0	1
7	3004_	1	0
7	3006_	1	0
7	3008_	1	0
7	3014_	1	0
7	3018_	1	0
7	3022_	0	1
7	3023_	0	1
7	3028_	0	1
7	3034_	1	0
7	3035_	0	1
7	3039_	1	0
7	3041_	1	0
7	3049_	1	0
7	3054_	0	1
7	3056_	1	0
7	3059_	1	0
7	3067_	1	0
7	3070_	0	1
7	3078_	1	0
7	3081_	0	1
7	3094_	1	0
7	3103_	1	0
7	3110_	1	0
7	3115_	1	0
7	3119_	1	0
7	3120_	0	1
7	3130_	1	0
7	3136_	0	1
7	3143_	1	0
7	3150_	0	1
7	3156_	1	0
7	3157_	1	0
7	3160_	1	0
7	3164_	1	0
7	3167_	0	1
7	3174_	0	1
7	3178_	0	1
7	3180_	1	0
7	3181_	1	0
7	3189_	0	1
7	3190_	0	1
7	3193_	0	1
7	3194_	1	0
7	3202_	0	1
7	3206_	1	0
7	3210_	1	0
7	3224_	1	0
7	3228_	1	0
7	3233_	1	0
7	3234_	1	0
7	3241_	0	1
7	3243_	0	1
7	3247_	1	0
7	3255_	1	0
7	3259_	0	1
7	3260_	2	0
7	3268_	1	0
7	3270_	1	0
7	3271_	1	0
7	3272_	0	1
7	3273_	0	1
7	3276_	0	1
7	3277_	1	0
7	3285_	1	0
7	3291_	0	1
7	3294_	0	1
7	3297_	1	0
7	3300_	1	0
7	3304_	0	1
7	3309_	1	0
7	3312_	0	1
7	3313_	0	1
7	3317_	1	0
7	3319_	0	1
7	3321_	0	1
7	3322_	1	0
7	3326_	1	0
7	3327_	0	1
7	3328_	0	1
7	3336_	0	1
7	3343_	0	1
7	3350_	1	0
7	3357_	0	1
7	3358_	0	1
7	3360_	0	1
7	3362_	0	1
7	3364_	0	1
7	3368_	1	0
7	3374_	1	0
7	3379_	0	1
7	3382_	1	0
7	3383_	1	0
7	3387_	1	0
7	3389_	1	0
7	3392_	0	1
7	3404_	1	0
7	3405_	1	0
7	3407_	1	0
7	3410_	1	0
7	3413_	0	1
7	3432_	0	1
7	3437_	0	1
7	3444_	0	1
7	3451_	1	0
7	3453_	1	0
7	3454_	1	0
7	3456_	0	1
7	3458_	0	1
7	3461_	1	0
7	3463_	1	0
7	3464_	0	1
7	3467_	1	0
7	3470_	1	0
7	3472_	1	0
7	3475_	0	1
7	3477_	1	0
7	3480_	0	1
7	3481_	1	0
7	3483_	1	0
7	3486_	1	0
7	3491_	1	0
7	3496_	0	1
7	3517_	0	1
7	3526_	1	0
7	3529_	0	1
7	3533_	0	1
7	3536_	1	0
7	3538_	1	0
7	3555_	0	1
7	3571_	1	0
7	3573_	0	1
7	3581_	1	0
7	3584_	1	0
7	3585_	0	1
7	3586_	0	1
7	3598_	0	1
8	6_	1	0
9	7_	1	0
10	9_	1	0
11	10_	1	0
11	1270_	1	0
11	1825_	1	0
11	2842_	1	0
11	3065_	0	1
12	11_	1	0
13	12_	1	0
14	13_	1	0
15	14_	1	0
16	15_	1	0
17	3_	1	0
18	17_	1	0
19	19_	1	0
20	3_	0	1
21	20_	1	0
22	22_	1	0
23	23_	1	0
24	24_	1	0
25	25_	1	0
26	26_	1	0
27	28_	1	0
28	3_	0	1
29	30_	1	0
30	31_	1	0
31	3_	1	0
32	3_	1	0
33	32_	1	0
34	33_	1	0
35	34_	1	0
36	3_	1	0
37	35_	1	0
38	36_	1	0
39	37_	1	0
40	3_	0	1
41	3_	1	0
42	39_	1	0
43	40_	1	0
44	42_	1	0
45	43_	1	0
46	44_	1	0
47	45_	1	0
48	46_	1	0
49	3_	1	0
50	3_	1	0
51	47_	1	0
51	3072_	1	0
52	48_	1	0
53	3_	1	0
54	49_	1	0
54	866_	0	1
54	2085_	1	0
55	50_	1	0
56	51_	1	0
57	52_	1	0
58	53_	1	0
59	3_	1	0
60	54_	1	0
61	55_	1	0
62	3_	1	1
62	402_	0	1
62	1766_	0	1
62	1770_	1	0
62	3264_	1	0
63	3_	1	0
64	57_	1	0
65	59_	1	0
66	60_	1	0
67	62_	1	0
68	64_	1	0
69	65_	1	0
70	3_	0	1
71	66_	1	0
72	67_	1	0
73	68_	1	0
74	71_	1	0
74	1561_	1	0
75	72_	1	0
76	73_	1	0
77	74_	1	0
78	75_	1	0
79	77_	1	0
80	78_	1	0
81	79_	1	0
82	80_	1	0
83	3_	1	0
84	82_	1	0
85	83_	1	0
86	84_	1	0
87	86_	1	0
88	87_	1	0
89	89_	1	0
90	90_	1	0
91	92_	1	0
92	93_	1	0
93	94_	1	0
94	95_	1	0
95	3_	0	1
96	3_	1	0
96	1667_	0	1
97	96_	1	0
98	97_	1	0
99	98_	1	0
100	3_	0	1
101	99_	1	0
102	3_	0	1
103	100_	1	0
104	101_	1	0
105	3_	1	0
106	3_	0	1
106	1201_	1	0
107	104_	1	0
108	3_	1	0
108	105_	1	0
108	1908_	0	1
109	107_	1	0
110	108_	1	0
111	109_	1	0
111	552_	0	1
112	108_	1	0
112	110_	1	0
113	114_	1	0
114	3_	0	1
115	116_	1	0
116	117_	1	0
117	118_	1	0
118	119_	1	0
119	120_	1	0
120	3_	1	0
121	123_	1	0
122	124_	1	0
123	125_	1	0
124	126_	1	0
125	127_	1	0
126	129_	1	0
127	130_	1	0
128	3_	0	1
129	131_	1	0
130	132_	1	0
131	133_	1	0
132	3_	1	0
133	134_	1	0
134	3_	1	0
135	3_	1	1
135	135_	1	0
136	136_	1	0
137	137_	1	0
138	138_	1	0
139	135_	0	1
140	139_	1	0
141	3_	1	0
142	3_	0	1
143	141_	1	0
144	142_	1	0
145	143_	1	0
146	144_	1	0
147	145_	1	0
148	3_	1	0
149	3_	2	0
149	1008_	1	0
150	147_	1	0
151	148_	1	0
152	150_	1	0
153	152_	1	0
154	153_	1	0
154	3045_	0	1
154	3227_	0	1
155	3_	0	1
156	3_	1	0
157	154_	1	0
158	155_	1	0
159	3_	1	0
160	158_	1	0
161	160_	1	0
162	161_	1	0
163	162_	1	0
164	163_	2	0
165	164_	1	0
166	3_	1	0
167	167_	1	0
168	168_	1	0
169	3_	0	1
170	169_	1	0
171	170_	1	0
172	171_	1	0
172	2451_	1	0
173	172_	1	0
174	173_	1	0
175	174_	1	0
176	175_	1	0
177	177_	1	0
178	179_	1	0
179	3_	1	0
180	180_	1	0
181	3_	0	1
181	20_	1	0
182	181_	1	0
183	183_	1	0
184	184_	1	0
185	185_	1	0
186	187_	1	0
187	188_	1	0
188	3_	0	1
188	2199_	0	1
189	3_	0	1
190	190_	1	0
191	191_	1	0
192	192_	1	0
193	193_	1	0
194	194_	1	0
195	195_	1	0
196	196_	1	0
197	3_	1	0
198	3_	1	1
198	197_	1	0
198	2239_	0	1
198	2578_	1	0
199	198_	1	0
200	3_	0	1
201	199_	1	0
202	200_	1	0
203	201_	1	0
204	203_	1	0
205	204_	1	0
206	205_	1	0
207	206_	1	0
208	207_	1	0
209	208_	1	0
210	209_	1	0
211	211_	1	0
212	3_	0	1
213	212_	1	0
214	213_	1	0
215	215_	1	0
216	216_	1	0
217	217_	1	0
218	220_	1	0
219	221_	1	0
220	222_	1	0
221	223_	1	0
222	3_	1	1
223	225_	1	0
224	226_	1	0
224	769_	1	0
224	2855_	1	0
224	3375_	1	0
225	227_	1	0
226	229_	1	0
227	3_	0	1
228	3_	1	0
229	230_	1	0
230	231_	1	0
231	234_	1	0
232	235_	1	0
233	236_	1	0
234	3_	0	1
235	3_	0	1
236	239_	1	0
237	241_	1	0
238	242_	1	0
239	243_	1	0
240	244_	1	0
241	245_	1	0
242	114_	0	1
242	246_	1	0
242	1518_	1	0
242	2011_	1	0
242	3027_	0	1
243	247_	1	0
244	248_	1	0
245	249_	1	0
246	3_	0	1
247	250_	1	0
248	251_	1	0
249	252_	1	0
250	254_	1	0
251	255_	1	0
252	256_	1	0
253	257_	1	0
254	259_	1	0
255	260_	1	0
256	3_	1	0
257	261_	1	0
258	262_	1	0
259	263_	1	0
260	264_	1	0
261	267_	1	0
261	1732_	1	0
262	269_	1	0
263	270_	1	0
264	271_	1	0
264	2524_	0	1
265	3_	0	1
266	272_	1	0
267	273_	1	0
268	274_	1	0
269	274_	1	0
270	275_	1	0
271	276_	1	0
272	277_	1	0
273	3_	1	0
274	280_	1	0
275	281_	1	0
276	282_	1	0
277	283_	1	0
278	287_	1	0
279	3_	0	1
279	288_	1	0
280	289_	1	0
281	291_	1	0
282	292_	1	0
283	293_	1	0
284	3_	0	1
285	295_	1	0
286	297_	1	0
287	301_	1	0
288	302_	1	0
289	303_	1	0
290	3_	0	1
291	304_	1	0
292	307_	1	0
293	308_	1	0
294	309_	1	0
295	3_	0	1
296	310_	1	0
297	313_	1	0
298	314_	1	0
299	3_	1	0
299	316_	1	0
300	318_	1	0
301	319_	1	0
302	3_	0	1
302	320_	1	0
302	2749_	0	1
303	321_	1	0
303	396_	1	0
304	3_	0	1
305	322_	1	0
306	3_	0	1
306	2311_	0	1
307	323_	1	0
308	326_	1	0
309	328_	1	0
310	330_	1	0
311	331_	1	0
312	332_	1	0
313	3_	0	1
314	335_	1	0
315	336_	1	0
316	338_	1	0
317	339_	2	0
317	477_	0	1
318	340_	1	0
319	342_	1	0
320	343_	1	0
321	344_	1	0
322	345_	1	0
323	3_	1	0
324	346_	1	0
325	348_	1	0
326	349_	1	0
327	3_	1	0
327	3145_	1	0
328	351_	1	0
329	352_	1	0
330	354_	1	0
331	355_	1	0
331	3029_	1	0
332	356_	1	0
333	357_	1	0
333	782_	0	1
333	1831_	1	0
334	3_	0	1
335	361_	1	0
336	362_	1	0
337	3_	0	1
338	363_	1	0
339	364_	1	0
340	3_	2	1
341	368_	1	0
342	370_	1	0
343	371_	1	0
344	372_	1	0
345	373_	1	0
346	374_	1	0
347	375_	1	0
348	376_	1	0
349	377_	1	0
350	379_	1	0
351	380_	1	0
352	381_	1	0
353	382_	1	0
354	383_	1	0
355	384_	1	0
356	3_	1	0
357	3_	0	1
358	3_	0	1
359	387_	1	0
360	389_	1	0
360	2136_	0	1
361	3_	0	1
362	392_	1	0
363	392_	1	0
364	393_	1	0
365	394_	1	0
366	395_	1	0
367	397_	1	0
368	398_	1	0
369	399_	1	0
370	403_	1	0
371	404_	1	0
372	405_	1	0
373	406_	1	0
374	3_	0	1
375	408_	1	0
376	409_	1	0
377	410_	1	0
378	411_	1	0
379	412_	1	0
380	413_	1	0
381	414_	1	0
382	415_	1	0
383	416_	1	0
384	417_	1	0
385	3_	1	0
386	418_	1	0
387	419_	1	0
388	420_	1	0
389	421_	1	0
390	3_	0	1
390	422_	1	0
391	423_	1	0
392	424_	1	0
393	425_	1	0
393	1095_	0	1
394	426_	1	0
395	3_	0	1
396	427_	1	0
397	428_	1	0
398	429_	1	0
399	430_	1	0
400	431_	1	0
401	3_	1	0
402	432_	1	0
403	433_	1	0
404	435_	1	0
405	436_	1	0
406	3_	0	1
407	437_	1	0
408	3_	1	0
409	3_	0	1
410	439_	1	0
411	3_	0	1
412	3_	1	0
413	440_	1	0
414	441_	1	0
414	2491_	0	1
415	443_	1	0
416	444_	1	0
417	446_	1	0
418	447_	1	0
419	449_	1	0
420	451_	1	0
421	452_	1	0
422	3_	0	1
423	453_	1	0
424	455_	1	0
425	456_	1	0
425	3514_	1	0
426	3_	0	1
427	457_	1	0
428	458_	1	0
429	460_	2	0
430	461_	1	0
430	3166_	1	0
431	462_	1	0
432	464_	1	0
433	466_	1	0
434	467_	1	0
435	3_	0	3
436	3_	1	0
437	468_	1	0
438	469_	1	0
439	470_	1	0
440	471_	1	0
441	3_	0	1
442	472_	1	0
443	3_	1	0
444	473_	1	0
445	474_	1	0
446	3_	0	3
447	475_	1	0
448	476_	1	0
449	3_	1	0
450	477_	1	0
451	479_	1	0
452	3_	1	0
453	3_	1	0
454	480_	1	0
455	481_	1	0
456	483_	1	0
456	1596_	0	1
457	485_	1	0
458	3_	0	1
459	486_	1	0
459	915_	1	0
460	487_	1	0
461	488_	1	0
462	489_	1	0
463	3_	0	1
464	490_	1	0
465	491_	1	0
466	492_	1	0
467	493_	1	0
468	3_	1	0
469	496_	1	0
470	497_	1	0
471	498_	1	0
472	499_	1	0
472	1460_	0	1
473	500_	1	0
474	3_	0	1
475	3_	0	1
476	501_	1	0
477	3_	1	0
478	503_	1	0
479	3_	0	1
479	2450_	0	1
479	3465_	1	0
480	504_	1	0
481	3_	1	1
481	506_	1	0
482	507_	1	0
482	2808_	0	1
483	3_	1	0
483	389_	0	1
484	508_	1	0
485	509_	1	0
486	511_	1	0
487	512_	1	0
488	513_	1	0
489	514_	1	0
490	515_	1	0
491	516_	1	0
492	517_	1	0
493	518_	1	0
494	519_	1	0
495	520_	1	0
496	522_	1	0
497	3_	1	0
498	525_	1	0
499	526_	1	0
500	528_	1	0
501	529_	1	0
502	530_	1	0
503	531_	1	0
504	532_	1	0
505	3_	1	0
506	3_	1	0
507	534_	1	0
508	535_	1	0
509	538_	1	0
510	539_	1	0
511	540_	1	0
512	3_	1	1
512	1310_	1	0
513	3_	0	1
514	3_	0	1
514	166_	1	0
515	3_	0	1
516	544_	1	0
517	545_	1	0
518	546_	1	0
519	547_	1	0
519	867_	0	1
520	548_	1	0
521	3_	1	0
522	553_	1	0
523	554_	1	0
524	3_	0	1
525	555_	1	0
526	3_	1	0
527	556_	1	0
528	3_	1	0
529	559_	1	0
530	3_	0	2
531	3_	0	1
531	2195_	1	0
532	560_	1	0
533	561_	1	0
534	562_	1	0
535	563_	1	0
536	564_	1	0
537	565_	1	0
538	3_	1	0
539	217_	1	0
540	566_	1	0
541	567_	1	0
542	570_	1	0
543	3_	1	0
544	3_	1	1
545	572_	1	0
546	3_	1	1
546	1203_	0	1
547	574_	1	0
548	3_	1	0
549	576_	1	0
550	579_	1	0
551	580_	1	0
552	583_	1	0
553	584_	1	0
554	3_	0	1
555	3_	1	0
556	589_	1	0
557	3_	1	0
558	590_	1	0
559	3_	1	0
560	591_	1	0
561	592_	1	0
562	593_	1	0
563	594_	1	0
564	595_	1	0
565	3_	0	1
566	3_	1	0
566	597_	1	0
566	2561_	1	0
567	598_	1	0
568	3_	1	0
569	3_	0	1
570	599_	1	0
571	3_	2	0
571	600_	1	0
571	3296_	1	0
572	601_	1	0
573	602_	1	0
574	603_	1	0
575	604_	1	0
576	605_	1	0
577	607_	1	0
578	608_	1	0
579	3_	0	1
580	3_	0	1
581	3_	0	1
582	610_	1	0
583	611_	1	0
584	3_	1	0
584	742_	1	0
585	612_	1	0
586	613_	1	0
587	616_	1	0
587	2184_	1	0
588	617_	0	1
588	642_	1	0
589	618_	1	0
590	619_	1	0
591	617_	1	0
591	620_	0	1
592	621_	1	0
593	622_	1	0
594	623_	1	0
595	624_	1	0
596	625_	1	0
597	626_	2	0
598	627_	1	0
598	1092_	0	1
599	628_	1	0
600	3_	1	0
601	629_	1	0
602	630_	1	0
603	631_	1	0
604	632_	1	0
605	633_	1	0
606	635_	1	0
607	3_	0	1
608	637_	1	0
609	3_	1	0
610	638_	1	0
611	639_	1	0
612	640_	1	0
613	641_	1	0
614	642_	1	0
615	3_	1	0
616	644_	1	0
617	645_	1	0
618	646_	1	0
619	648_	1	0
620	649_	1	0
620	3287_	0	1
620	3288_	0	1
620	3289_	0	1
621	650_	1	0
622	651_	1	0
623	3_	1	0
624	652_	1	0
625	653_	1	0
626	654_	1	0
627	655_	1	0
628	656_	1	0
629	3_	0	1
630	658_	1	0
631	659_	1	0
632	660_	1	0
633	3_	1	0
634	661_	1	0
635	662_	1	0
636	663_	1	0
637	664_	1	0
638	665_	1	0
639	666_	1	0
640	667_	1	0
641	668_	1	0
642	3_	1	0
643	3_	1	0
644	670_	1	0
644	671_	1	0
645	3_	0	1
646	672_	1	0
647	673_	1	0
648	674_	1	0
649	675_	1	0
650	677_	1	0
651	678_	1	0
652	679_	1	0
653	682_	1	0
654	683_	1	0
655	684_	1	0
656	686_	1	0
657	687_	1	0
658	688_	1	0
658	3197_	1	0
659	689_	1	0
660	692_	1	0
661	693_	1	0
662	3_	0	1
663	694_	1	0
664	3_	1	0
665	3_	1	0
666	695_	1	0
667	696_	1	0
668	697_	1	0
669	3_	0	1
670	3_	0	1
671	3_	1	0
672	700_	1	0
673	701_	1	0
674	703_	1	0
675	704_	1	0
676	705_	1	0
677	3_	1	1
677	706_	1	0
677	1879_	1	0
678	3_	0	1
679	708_	1	0
680	3_	1	1
681	710_	1	0
682	712_	1	0
683	713_	1	0
684	714_	1	0
685	3_	1	0
686	715_	1	0
687	717_	1	0
688	718_	1	0
689	719_	1	0
690	353_	1	0
691	720_	1	0
692	722_	1	0
693	723_	1	0
694	3_	1	0
695	724_	1	0
696	726_	1	0
697	728_	1	0
698	729_	1	0
699	731_	1	0
700	732_	1	0
701	731_	0	1
702	3_	1	0
702	734_	1	0
702	2104_	1	0
702	2839_	0	1
702	2865_	0	1
702	3065_	1	0
703	3_	1	0
703	735_	1	0
704	737_	1	0
705	738_	1	0
706	739_	1	0
707	741_	1	0
708	742_	1	0
709	3_	0	1
710	745_	1	0
711	746_	1	0
712	747_	1	0
713	711_	0	1
714	3_	0	1
715	750_	1	0
716	751_	1	0
717	3_	1	0
718	752_	1	0
719	753_	1	0
720	3_	1	0
721	754_	1	0
722	756_	1	0
723	757_	1	0
724	759_	1	0
725	212_	1	0
726	3_	1	2
727	760_	1	0
728	3_	1	1
729	3_	1	0
729	1102_	0	1
730	761_	1	0
731	762_	1	0
732	763_	1	0
733	764_	1	0
734	766_	1	0
735	767_	1	0
736	768_	1	0
737	770_	1	0
738	771_	1	0
739	772_	1	0
740	773_	1	0
741	774_	1	0
741	1179_	0	1
741	3498_	1	0
742	775_	1	0
743	777_	1	0
744	3_	1	0
745	3_	0	1
746	781_	1	0
747	3_	1	0
748	783_	1	0
749	784_	1	0
750	785_	1	0
751	786_	1	0
752	788_	1	0
753	789_	1	0
754	3_	1	0
755	3_	1	1
755	724_	0	1
756	790_	1	0
757	790_	1	0
758	792_	1	0
759	3_	1	0
760	794_	1	0
761	795_	1	0
762	796_	1	0
763	798_	1	0
764	799_	1	0
765	800_	1	0
766	801_	1	0
767	802_	1	0
768	803_	1	0
769	805_	1	0
770	806_	1	0
771	807_	1	0
772	808_	1	0
773	809_	1	0
774	3_	1	0
775	810_	1	0
776	811_	1	0
777	812_	1	0
778	813_	1	0
779	814_	1	0
780	815_	1	0
781	3_	0	1
782	3_	0	1
783	3_	0	1
784	3_	1	0
784	839_	0	1
785	3_	0	1
786	3_	0	1
787	817_	1	0
788	818_	1	0
789	819_	1	0
790	3_	0	1
791	821_	1	0
792	822_	1	0
793	823_	1	0
794	3_	2	0
794	3344_	0	1
795	825_	1	0
796	826_	1	0
797	827_	1	0
798	829_	1	0
799	3_	1	0
800	830_	1	0
801	3_	1	0
802	831_	1	0
803	832_	1	0
804	833_	1	0
805	834_	1	0
806	835_	1	0
807	836_	1	0
808	837_	1	0
809	838_	1	0
810	840_	1	0
811	841_	1	0
812	842_	1	0
813	843_	1	0
814	3_	2	0
815	3_	1	0
816	844_	1	0
817	845_	1	0
818	847_	1	0
819	848_	1	0
820	850_	1	0
821	851_	1	0
822	853_	1	0
823	3_	0	1
823	2655_	0	1
824	854_	1	0
825	855_	1	0
826	857_	1	0
827	3_	0	1
827	1471_	1	0
827	3384_	0	1
828	3_	0	1
829	3_	1	0
830	858_	1	0
831	859_	1	0
832	3_	1	0
833	860_	1	0
833	1751_	0	1
834	861_	1	0
834	2249_	1	0
835	863_	1	0
836	3_	0	1
837	864_	1	0
838	865_	2	0
839	869_	1	0
840	871_	1	1
841	873_	1	0
842	874_	1	0
843	875_	1	0
843	2739_	1	0
844	3_	1	0
845	876_	1	0
846	877_	1	0
847	878_	1	0
848	879_	1	0
849	880_	1	0
850	3_	0	2
850	3047_	0	1
851	882_	1	0
852	885_	1	0
853	886_	1	0
854	887_	1	0
855	888_	1	0
856	889_	1	0
857	3_	1	0
857	890_	1	0
858	3_	1	1
859	892_	1	0
860	3_	0	1
861	3_	0	1
862	893_	1	0
863	3_	1	2
863	894_	1	0
864	896_	1	0
865	898_	1	0
866	3_	0	1
867	900_	1	0
868	901_	1	0
869	902_	1	0
870	905_	1	0
871	907_	1	0
872	909_	1	0
873	910_	1	0
874	911_	1	0
875	912_	1	0
876	913_	1	0
877	914_	1	0
878	917_	1	0
879	919_	1	0
880	920_	1	0
881	921_	1	0
882	922_	1	0
883	924_	1	0
884	925_	1	0
885	926_	1	0
886	3_	0	1
887	927_	1	0
888	929_	1	0
889	930_	1	0
890	931_	1	0
891	569_	1	0
892	933_	1	0
893	935_	1	0
894	936_	1	0
895	937_	1	0
896	938_	1	0
897	940_	1	0
898	941_	1	0
899	3_	1	0
899	943_	1	0
899	1706_	0	1
899	1708_	1	0
900	944_	1	0
901	3_	0	1
902	945_	1	0
903	947_	1	0
904	948_	1	0
905	949_	1	0
906	950_	1	0
907	3_	1	0
908	3_	0	1
908	952_	1	0
909	954_	1	0
910	3_	0	1
911	959_	1	0
912	960_	1	0
913	961_	1	0
914	962_	1	0
914	2872_	1	0
915	963_	1	0
916	964_	1	0
917	965_	1	0
918	966_	1	0
919	967_	1	0
920	968_	1	0
921	969_	1	0
922	970_	1	0
923	971_	1	0
924	972_	1	0
925	974_	1	0
926	3_	0	1
927	3_	1	0
928	975_	1	0
929	977_	1	0
930	980_	1	0
931	982_	1	0
932	3_	0	1
933	983_	1	0
934	3_	1	0
935	986_	1	0
936	987_	1	0
937	3_	1	0
938	3_	0	1
939	3_	1	0
940	989_	1	0
941	990_	1	0
942	991_	1	0
943	992_	1	0
944	993_	1	0
945	995_	1	0
946	997_	1	0
947	827_	0	1
948	999_	1	0
949	3_	1	0
949	3102_	0	1
950	1001_	1	0
951	481_	0	1
952	1003_	1	0
953	1004_	1	0
954	1005_	1	0
955	1006_	1	0
956	3_	1	0
957	1007_	1	0
958	3_	0	1
959	1010_	1	0
960	3_	1	0
961	1011_	1	0
962	1012_	1	0
963	1013_	1	0
964	1014_	1	0
965	3_	0	1
966	1017_	1	0
967	1020_	1	0
968	1021_	1	0
969	1022_	1	0
970	1023_	1	0
971	3_	1	0
971	2392_	1	0
972	1026_	1	0
973	3_	1	0
974	723_	0	1
975	1028_	1	0
976	3_	1	0
976	1029_	1	0
977	1030_	1	0
978	3_	1	0
979	3_	0	1
980	1031_	1	0
981	3_	1	0
982	279_	1	0
983	1033_	1	0
984	1034_	1	0
985	3_	0	1
986	1035_	1	0
987	1036_	1	0
988	1037_	1	0
989	1038_	1	0
990	1039_	1	0
991	3_	1	0
992	1040_	1	0
993	1041_	1	0
994	3_	0	1
994	3252_	1	0
995	1043_	1	0
995	1300_	0	1
996	1044_	1	0
997	1046_	1	0
998	1047_	1	0
999	1048_	1	0
1000	1049_	1	0
1001	1050_	1	0
1002	3_	0	1
1003	1051_	1	0
1003	2996_	1	0
1004	1052_	1	0
1005	3_	1	0
1006	3_	0	1
1006	1055_	1	0
1006	1059_	0	1
1007	3_	0	1
1008	3_	1	0
1009	1056_	1	0
1010	1058_	1	0
1010	1895_	0	1
1011	1060_	1	0
1012	1061_	1	0
1013	1062_	1	0
1013	3032_	1	0
1014	1065_	1	0
1015	3_	0	1
1016	1066_	1	0
1017	1068_	1	0
1018	3_	1	0
1019	3_	0	1
1019	1070_	1	0
1020	1071_	1	0
1021	1072_	1	0
1022	1073_	1	0
1023	1074_	1	0
1023	3337_	1	0
1024	1076_	1	0
1025	1077_	1	0
1026	1078_	1	0
1027	3_	0	1
1028	1079_	1	0
1029	3_	0	1
1030	3_	0	1
1031	1080_	1	0
1032	1081_	1	0
1033	3_	1	0
1034	1082_	1	0
1035	1084_	1	0
1036	3_	0	1
1037	1087_	1	0
1038	1088_	1	0
1039	1089_	1	0
1040	1090_	1	0
1041	1091_	1	0
1042	1093_	1	0
1043	1097_	1	0
1044	3_	1	0
1044	1098_	1	0
1045	3_	0	1
1046	3_	0	1
1047	1100_	1	0
1048	1101_	1	0
1049	1103_	1	0
1050	1104_	1	0
1051	3_	1	0
1052	1106_	1	0
1053	1107_	1	0
1054	1108_	1	0
1055	1109_	1	0
1056	1110_	1	0
1057	1111_	1	0
1058	1112_	1	0
1059	3_	0	1
1060	3_	0	1
1061	1113_	1	0
1062	1114_	1	0
1063	1116_	1	0
1064	1117_	1	0
1065	1118_	1	0
1066	3_	1	0
1067	1119_	1	0
1068	1120_	1	0
1069	1122_	1	0
1070	1124_	1	0
1071	1125_	1	0
1072	1126_	1	0
1073	1127_	1	0
1074	3_	0	1
1075	1128_	1	0
1076	1129_	1	0
1077	1130_	1	0
1078	1131_	1	0
1079	1132_	1	0
1080	1133_	1	0
1081	1134_	1	1
1082	1135_	1	0
1083	1136_	1	0
1084	1137_	1	0
1085	1138_	1	0
1086	1139_	1	0
1087	1141_	1	0
1088	1142_	1	0
1089	1143_	1	0
1090	1144_	1	0
1091	1146_	1	0
1092	1148_	1	0
1093	1150_	1	0
1094	3_	0	1
1095	1152_	1	0
1096	1153_	1	0
1096	1239_	1	0
1097	3_	1	0
1098	1154_	1	0
1099	1155_	1	0
1100	3_	1	0
1101	3_	1	1
1101	2327_	0	1
1102	1157_	1	0
1103	1158_	1	0
1104	1161_	1	0
1105	1162_	1	0
1106	1163_	1	0
1107	3_	1	0
1108	1164_	1	0
1109	3_	1	0
1110	1165_	1	0
1111	1166_	1	0
1112	1167_	1	0
1113	1168_	1	0
1113	1169_	1	0
1113	2501_	0	1
1114	1170_	1	0
1115	1172_	1	0
1116	1173_	1	0
1117	1174_	1	0
1118	1175_	1	0
1119	1176_	1	0
1120	1177_	1	0
1121	1181_	1	0
1121	2842_	0	1
1122	3_	0	1
1123	3_	1	0
1123	1185_	1	0
1123	3159_	0	1
1124	1186_	1	0
1125	1187_	1	0
1126	1189_	1	0
1127	1190_	1	0
1128	1192_	1	0
1129	3_	0	1
1129	1196_	1	0
1129	1441_	0	1
1130	1197_	1	0
1131	1198_	1	0
1132	1199_	1	0
1133	1200_	1	0
1134	3_	0	1
1134	246_	1	0
1135	1202_	1	0
1136	3_	0	1
1137	1204_	1	0
1138	1206_	1	0
1139	3_	0	1
1140	3_	1	0
1141	1208_	1	0
1142	1209_	1	0
1143	1210_	1	0
1144	1211_	1	0
1145	3_	0	1
1145	1212_	1	0
1146	3_	0	1
1147	1213_	1	0
1148	3_	0	1
1149	1214_	1	0
1150	1215_	1	0
1150	2848_	0	1
1151	1216_	1	0
1152	1217_	1	0
1153	1218_	1	0
1154	1219_	1	0
1155	3_	0	1
1156	1220_	1	0
1157	1221_	1	0
1158	1222_	1	0
1159	1223_	1	0
1160	1224_	1	0
1161	3_	0	1
1161	1225_	1	0
1162	3_	1	0
1163	1227_	1	0
1164	1228_	1	0
1165	3_	2	0
1166	1229_	1	0
1167	1230_	1	0
1168	1232_	1	0
1169	1233_	1	0
1170	1234_	1	0
1171	1235_	1	0
1172	3_	1	0
1173	3_	1	0
1173	1237_	1	0
1174	1238_	1	0
1175	1240_	1	0
1176	1241_	1	0
1177	3_	0	1
1178	1242_	1	0
1179	3_	0	1
1180	1243_	1	0
1181	1246_	1	0
1182	1247_	1	0
1183	1248_	1	0
1184	3_	1	0
1185	1250_	1	0
1186	1251_	1	0
1187	1252_	1	0
1188	3_	0	1
1188	2790_	0	1
1189	1253_	1	0
1190	1254_	1	0
1190	2652_	0	1
1191	3_	1	0
1192	3_	0	1
1193	1255_	1	0
1194	1256_	1	0
1195	1257_	1	0
1196	1258_	1	0
1197	1259_	1	0
1198	1260_	1	0
1199	1261_	1	0
1200	1262_	1	0
1201	1264_	1	0
1202	3_	0	1
1203	1265_	1	0
1204	3_	1	0
1205	1267_	1	0
1206	3_	0	1
1206	1268_	1	0
1206	2273_	1	0
1207	1271_	1	0
1208	1272_	1	0
1209	1273_	1	0
1209	2107_	0	1
1210	1274_	1	0
1211	1275_	1	0
1212	3_	1	0
1213	1278_	1	0
1214	1279_	1	0
1215	1280_	1	0
1216	1281_	1	0
1217	1282_	1	0
1218	1283_	1	0
1219	3_	0	1
1220	1286_	1	0
1221	1287_	1	0
1222	1288_	1	0
1223	1289_	1	0
1224	1290_	1	0
1225	865_	1	0
1226	1291_	1	0
1227	1292_	1	0
1228	1293_	1	0
1229	1294_	1	0
1230	1295_	1	0
1231	1297_	1	0
1232	1298_	1	0
1233	1302_	1	0
1234	272_	0	1
1235	1304_	1	0
1236	3_	1	0
1237	750_	0	1
1238	1305_	1	0
1239	1307_	1	0
1240	1309_	1	0
1241	1311_	1	0
1242	1312_	1	0
1243	1313_	1	0
1244	1314_	1	0
1245	1315_	1	0
1246	1316_	1	0
1247	1318_	1	0
1248	1319_	1	0
1249	1321_	1	0
1250	3_	1	0
1251	1323_	1	0
1252	3_	0	1
1252	2749_	0	1
1253	3_	0	1
1254	1327_	1	0
1255	1328_	1	0
1256	1329_	1	0
1257	3_	1	0
1258	1330_	1	0
1259	1331_	1	0
1260	3_	1	0
1261	1332_	1	0
1261	1335_	0	2
1262	1333_	1	0
1263	1334_	1	0
1264	1335_	1	0
1265	1336_	1	0
1266	1337_	1	0
1267	1340_	1	0
1268	1342_	1	0
1269	1343_	1	0
1270	1344_	1	0
1271	1346_	1	0
1272	1348_	1	0
1273	1349_	1	0
1274	3_	1	0
1275	1350_	1	0
1276	3_	0	1
1277	1352_	1	0
1278	3_	1	0
1279	1354_	1	0
1280	1355_	1	0
1281	1356_	1	0
1282	3_	1	0
1283	1357_	1	0
1284	1358_	1	0
1285	1359_	1	0
1286	1097_	0	1
1287	1360_	1	0
1288	3_	0	1
1289	1361_	1	0
1290	1362_	1	0
1291	1363_	1	0
1292	1364_	1	0
1293	3_	0	1
1294	507_	0	1
1295	3_	0	2
1295	1514_	1	0
1295	2183_	0	1
1296	1365_	1	0
1297	1366_	1	0
1298	3_	2	0
1299	1371_	1	0
1300	3_	0	1
1301	3_	0	1
1302	1374_	1	0
1303	1375_	1	0
1304	3_	0	1
1305	1376_	1	0
1306	1377_	1	0
1307	1378_	1	0
1308	1379_	1	0
1309	3_	1	0
1310	1381_	1	0
1311	1382_	1	0
1312	3_	1	0
1313	1383_	1	0
1314	1384_	1	0
1315	1385_	1	0
1316	3_	1	0
1317	1386_	1	0
1318	1387_	1	0
1319	1388_	1	0
1320	3_	0	1
1321	1389_	1	0
1322	1391_	1	0
1323	1392_	1	0
1324	3_	1	0
1325	1395_	1	0
1326	1397_	1	0
1327	1398_	1	0
1328	3_	0	1
1329	1399_	1	0
1330	1400_	1	0
1331	477_	1	0
1332	1401_	1	0
1333	1402_	1	0
1334	3_	1	0
1335	1403_	1	0
1336	3_	1	0
1337	1404_	1	0
1338	1405_	1	0
1339	1406_	1	0
1340	3_	0	1
1341	3_	0	1
1342	1410_	1	0
1343	1411_	1	0
1344	1412_	1	0
1345	1413_	1	0
1346	1076_	0	1
1347	1415_	1	0
1348	1416_	1	0
1349	1417_	1	0
1350	1418_	1	0
1351	1419_	1	0
1352	3_	1	0
1353	1420_	1	0
1354	827_	0	1
1355	3_	0	1
1356	3_	0	1
1357	1423_	1	0
1358	3_	0	1
1359	3_	0	1
1360	1424_	1	0
1361	1425_	1	0
1362	1427_	1	0
1363	1428_	1	0
1364	1429_	1	0
1365	1430_	1	0
1366	3_	1	0
1367	1431_	1	0
1368	1432_	1	0
1369	628_	1	0
1369	1433_	1	0
1370	1434_	1	0
1371	3_	1	0
1372	1435_	1	0
1373	1437_	1	0
1374	1438_	1	0
1375	3_	0	1
1376	3_	0	1
1377	1440_	1	0
1378	3_	0	1
1379	3_	0	1
1379	1443_	1	0
1379	1448_	0	1
1380	1444_	1	0
1381	3_	0	1
1382	1446_	1	0
1383	1447_	1	0
1384	3_	1	0
1384	60_	0	1
1385	3_	0	1
1386	1452_	1	0
1386	2568_	0	1
1387	3_	1	0
1387	1453_	1	0
1388	3_	0	1
1389	1455_	1	0
1390	1456_	1	0
1391	1457_	1	0
1392	3_	1	0
1392	1458_	1	0
1392	3370_	1	0
1393	3_	1	1
1394	1461_	1	0
1395	1462_	1	0
1396	3_	1	0
1397	1463_	1	0
1398	3_	1	0
1399	1466_	1	0
1400	1467_	1	0
1401	1468_	1	0
1402	1469_	1	0
1403	1470_	1	0
1404	1472_	1	0
1405	3_	0	1
1406	1475_	1	0
1407	1476_	1	0
1408	3_	0	1
1409	1477_	1	0
1410	3_	1	0
1411	1480_	1	0
1412	1481_	1	0
1413	272_	1	0
1414	1482_	1	0
1415	507_	1	0
1416	1484_	1	0
1417	1485_	1	0
1418	1486_	1	0
1419	1487_	1	0
1420	1488_	1	0
1421	3_	0	1
1422	1491_	1	0
1423	1492_	1	0
1424	1493_	1	0
1425	1494_	1	0
1426	1498_	1	0
1427	1499_	1	0
1428	3_	1	0
1429	1500_	1	0
1430	1502_	1	0
1431	1503_	1	0
1432	3_	1	0
1433	1504_	1	0
1433	1505_	0	1
1434	3_	1	0
1435	1506_	1	0
1436	3_	1	0
1437	1507_	1	0
1438	1508_	1	0
1439	1509_	1	0
1440	1515_	1	0
1441	3_	0	1
1442	1517_	1	0
1443	1519_	1	0
1444	3_	0	1
1445	3_	1	0
1446	1520_	1	0
1447	1521_	1	0
1448	1522_	1	0
1449	1523_	1	0
1450	1524_	1	0
1451	3_	0	1
1451	1963_	1	0
1452	1526_	1	0
1452	1527_	1	0
1453	1528_	1	0
1454	1529_	1	0
1455	1530_	1	0
1456	3_	0	1
1457	1532_	1	0
1458	1525_	1	1
1459	3_	1	0
1460	1533_	1	0
1461	1534_	1	0
1462	1535_	1	0
1463	3_	0	1
1464	1536_	1	0
1465	3_	2	0
1466	1537_	1	0
1466	1690_	1	0
1467	1538_	1	0
1468	1539_	1	0
1469	256_	0	1
1470	1541_	1	0
1471	1542_	1	0
1472	1543_	1	0
1473	3_	0	1
1474	3_	0	1
1475	1544_	1	0
1476	1545_	1	0
1477	1546_	1	0
1478	3_	0	1
1479	1548_	1	0
1480	1549_	1	0
1481	3_	1	0
1482	1550_	1	0
1483	1551_	1	0
1484	1552_	1	0
1485	1553_	1	0
1486	1554_	1	0
1487	3_	0	1
1488	1555_	1	0
1489	1556_	1	0
1490	1557_	1	0
1491	1558_	1	0
1492	1559_	1	0
1493	1560_	1	0
1494	1562_	1	0
1495	1563_	1	0
1496	1564_	1	0
1497	1567_	1	0
1498	1568_	1	0
1499	1569_	1	0
1500	1570_	1	0
1501	1572_	1	0
1502	1573_	1	0
1503	1574_	1	0
1504	3_	0	1
1505	3_	0	1
1506	1575_	1	0
1507	1576_	1	0
1508	1577_	1	0
1509	1578_	1	0
1510	1579_	1	0
1511	1580_	1	0
1512	1581_	1	0
1513	1582_	1	0
1514	1583_	1	0
1515	1584_	1	0
1516	3_	0	1
1517	1586_	1	0
1517	2224_	1	0
1518	1587_	1	0
1519	1588_	1	0
1519	2586_	0	1
1520	1589_	1	0
1521	1590_	1	0
1522	3_	1	0
1523	1591_	1	0
1524	1593_	1	0
1525	477_	0	1
1526	1594_	1	0
1527	1595_	1	0
1528	1597_	1	0
1529	1598_	1	0
1530	1599_	1	0
1531	1600_	1	0
1532	1601_	1	0
1533	1602_	1	0
1534	1603_	1	0
1535	1604_	1	0
1536	1605_	1	0
1537	1606_	1	0
1538	1607_	1	0
1539	3_	1	0
1540	1608_	1	0
1541	1609_	1	0
1542	1610_	1	0
1543	1614_	1	0
1544	3_	0	1
1545	1616_	1	0
1546	1617_	1	0
1547	1619_	1	0
1547	2560_	1	0
1548	1620_	1	0
1549	1621_	1	0
1550	1622_	1	0
1551	1623_	1	0
1552	3_	0	1
1553	1625_	1	0
1554	1626_	1	0
1555	1629_	1	0
1556	3_	0	1
1557	1631_	1	0
1558	1027_	1	0
1559	1632_	1	0
1560	1633_	1	0
1561	1634_	1	0
1562	1635_	1	0
1563	1636_	1	0
1564	3_	0	1
1565	1638_	1	0
1566	1639_	1	0
1567	3_	1	0
1568	1642_	1	0
1569	1643_	1	0
1570	1640_	1	0
1571	1644_	1	0
1572	1645_	1	0
1573	1647_	1	0
1574	3_	0	1
1575	1649_	1	0
1576	1651_	1	0
1577	1652_	1	0
1578	1653_	1	0
1579	3_	1	1
1580	1654_	1	0
1581	1655_	1	0
1582	3_	1	0
1583	681_	0	1
1584	3_	1	0
1585	1657_	1	0
1586	481_	1	0
1587	1658_	1	0
1588	1660_	1	0
1589	1662_	1	0
1590	3_	0	1
1591	1663_	1	0
1592	1664_	1	0
1593	1665_	1	0
1594	1666_	1	0
1595	1667_	1	0
1596	3_	1	0
1597	1669_	1	0
1598	1670_	1	0
1599	1671_	1	0
1600	1672_	1	0
1601	1673_	1	0
1602	1674_	1	0
1603	1675_	1	0
1603	2344_	0	1
1604	1678_	1	0
1605	1679_	1	0
1606	1680_	1	0
1607	3_	0	1
1608	1681_	1	0
1609	3_	0	1
1610	1682_	1	0
1611	1683_	1	0
1612	1684_	1	0
1613	1685_	1	0
1614	1686_	1	0
1615	1687_	1	0
1616	1688_	1	0
1617	1689_	1	0
1618	3_	1	0
1619	1691_	1	0
1620	3_	0	1
1621	1692_	1	0
1622	1693_	1	0
1623	1694_	1	0
1624	1696_	1	0
1625	1697_	1	0
1626	1698_	1	0
1627	1699_	1	0
1628	1700_	1	0
1629	1701_	1	0
1630	3_	1	0
1630	1702_	1	0
1631	1704_	1	0
1632	3_	1	0
1633	1705_	1	0
1634	1707_	1	0
1635	3_	0	1
1636	1713_	1	0
1637	1714_	1	0
1638	3_	1	0
1639	1715_	1	0
1640	1716_	1	0
1641	1717_	1	0
1642	1719_	1	0
1643	1720_	1	0
1644	1721_	1	0
1645	3_	0	1
1646	1723_	1	0
1647	3_	1	0
1648	1724_	1	0
1649	1725_	1	0
1650	3_	1	0
1651	1726_	1	0
1652	3_	0	1
1653	1727_	1	0
1654	3_	0	1
1655	1728_	1	0
1656	1729_	1	0
1657	1731_	1	0
1658	1732_	1	0
1659	3_	0	1
1660	1733_	1	0
1661	1734_	1	0
1662	3_	0	1
1663	1735_	1	0
1664	1736_	1	0
1665	3_	0	1
1666	1738_	1	0
1667	1739_	1	0
1668	1740_	1	0
1669	1743_	1	0
1670	3_	2	0
1671	1745_	1	0
1672	1747_	1	0
1673	1748_	1	0
1674	1750_	1	0
1675	3_	0	1
1676	1752_	1	0
1677	1753_	1	0
1678	3_	2	0
1679	1754_	1	0
1680	3_	0	1
1681	1755_	1	0
1682	3_	1	0
1683	1757_	1	0
1683	3412_	1	0
1684	1758_	1	0
1685	1759_	1	0
1686	1760_	1	0
1687	1761_	1	0
1688	1764_	1	0
1689	1765_	1	0
1690	1767_	1	0
1691	1768_	1	0
1692	1769_	1	0
1693	1772_	1	0
1694	1773_	1	0
1695	1775_	1	0
1695	3236_	0	1
1696	1777_	1	0
1697	1778_	1	0
1698	1779_	1	0
1699	1780_	1	0
1700	1782_	1	0
1701	1784_	1	0
1702	3_	0	1
1702	1785_	1	0
1703	1786_	1	0
1704	1787_	1	0
1705	1790_	1	0
1706	1791_	1	0
1707	1792_	1	0
1708	1793_	1	0
1709	1794_	1	0
1710	1795_	1	0
1711	1798_	1	0
1712	3_	2	0
1713	1799_	2	0
1714	1801_	1	0
1715	1804_	1	0
1716	1805_	1	0
1717	1807_	1	0
1718	1808_	1	0
1719	1809_	1	0
1720	1810_	1	0
1721	1815_	1	0
1722	1816_	1	0
1723	1817_	1	0
1724	3_	1	0
1725	1818_	1	0
1726	3_	0	1
1727	1819_	1	0
1728	1820_	1	0
1728	1822_	0	1
1729	3_	1	0
1730	1821_	1	0
1731	1824_	1	0
1732	1826_	1	0
1733	1827_	1	0
1734	1829_	1	0
1735	1830_	1	0
1736	272_	0	1
1737	3_	0	1
1738	1834_	1	0
1739	1835_	1	0
1740	1836_	1	0
1741	1837_	1	0
1742	843_	0	1
1743	1838_	1	0
1744	1839_	1	0
1745	3_	1	1
1746	3_	0	1
1747	3_	1	0
1748	1848_	1	0
1749	3_	1	0
1750	1849_	1	0
1751	1850_	1	0
1752	1851_	1	0
1753	1853_	1	0
1754	1854_	1	0
1755	1855_	1	0
1756	1856_	1	0
1757	1860_	1	0
1758	1861_	1	0
1759	1863_	1	0
1760	1864_	1	0
1761	3_	0	1
1762	3_	1	0
1763	1865_	1	0
1764	3_	0	1
1764	1867_	1	0
1765	1866_	1	0
1766	1868_	1	0
1767	1869_	1	0
1768	1870_	1	0
1769	1871_	1	0
1770	486_	1	0
1771	1872_	1	0
1772	385_	1	0
1773	1873_	1	1
1774	1876_	1	0
1775	3_	1	0
1776	1877_	1	0
1777	3_	0	1
1778	1878_	1	0
1779	1880_	1	0
1779	1893_	0	1
1779	2361_	0	1
1780	1882_	1	0
1781	1884_	1	0
1782	1885_	1	0
1783	1886_	1	0
1784	1888_	1	0
1784	2667_	1	0
1785	1889_	1	0
1786	1890_	1	0
1787	1891_	1	0
1788	3_	0	1
1789	1894_	1	0
1790	1771_	1	0
1791	1896_	1	0
1792	1897_	1	0
1793	1898_	1	0
1794	1899_	1	0
1795	1901_	1	0
1796	1903_	1	0
1797	1904_	1	0
1798	1905_	1	0
1799	1907_	1	0
1800	1909_	1	0
1801	1913_	1	0
1802	3_	1	0
1803	1914_	1	0
1804	3_	1	0
1805	1915_	1	0
1806	1916_	1	0
1807	1917_	1	0
1808	1918_	1	0
1809	1919_	1	0
1810	1920_	1	0
1811	1921_	1	0
1812	3_	0	1
1813	1924_	1	0
1814	1925_	1	0
1815	1926_	1	0
1816	1927_	1	0
1817	1928_	1	0
1818	1929_	1	0
1819	1930_	1	0
1820	1931_	1	0
1821	1932_	1	0
1822	1933_	1	0
1823	1936_	1	0
1824	1937_	1	0
1825	3_	1	0
1826	1938_	1	0
1827	1939_	1	0
1828	1940_	1	0
1829	1942_	1	0
1830	1943_	1	0
1831	1944_	1	0
1832	1945_	1	0
1833	3_	1	0
1833	1946_	1	0
1834	3_	0	1
1835	1948_	1	0
1836	1949_	1	0
1837	1950_	1	0
1838	1951_	1	0
1839	1952_	1	0
1840	1953_	1	0
1841	1955_	1	0
1842	3_	1	0
1843	1957_	1	0
1844	3_	1	0
1845	3_	1	0
1846	1958_	1	0
1847	1960_	1	0
1848	3_	1	0
1849	1962_	1	0
1850	1963_	1	0
1851	1004_	0	1
1852	1964_	1	0
1853	1966_	1	0
1854	1967_	1	0
1855	1968_	1	0
1856	1969_	1	0
1857	1970_	1	0
1858	1971_	1	0
1859	1972_	1	0
1860	1975_	1	0
1861	1976_	1	0
1862	1977_	1	0
1863	1978_	1	0
1864	1980_	1	0
1865	1981_	1	0
1866	1982_	1	0
1867	1736_	1	0
1868	3_	1	0
1869	1984_	1	0
1870	305_	1	0
1871	1987_	1	0
1872	1988_	1	0
1873	1989_	1	0
1874	1990_	1	0
1875	1991_	1	0
1876	3_	0	1
1877	1992_	1	0
1878	3_	1	0
1879	1994_	1	0
1880	1995_	1	0
1881	1996_	1	0
1882	1997_	1	0
1883	2000_	1	0
1884	2001_	1	0
1885	3_	0	1
1886	2002_	1	0
1887	2004_	1	0
1888	2005_	1	0
1889	1740_	0	1
1890	3_	1	0
1891	2007_	1	0
1892	2008_	1	0
1893	2010_	1	0
1894	2012_	1	0
1895	3_	0	1
1896	2014_	1	0
1897	2015_	1	0
1898	2016_	1	0
1899	2017_	1	0
1900	2018_	1	0
1901	2020_	1	0
1902	2021_	1	0
1903	3_	1	1
1904	3_	1	0
1905	3_	3	0
1906	2022_	1	0
1907	2023_	1	0
1908	2024_	1	0
1909	2025_	1	0
1910	2028_	1	0
1911	2029_	1	0
1912	2030_	1	0
1913	2031_	1	0
1914	3_	1	0
1915	2034_	1	0
1916	569_	1	0
1917	2036_	1	0
1918	2037_	1	0
1919	2038_	1	0
1920	3_	0	1
1921	2040_	1	0
1922	2041_	1	0
1923	2043_	1	0
1924	2044_	1	0
1925	3_	0	1
1926	2045_	1	0
1927	2046_	1	0
1928	2047_	1	0
1929	2048_	1	0
1930	3_	1	0
1931	2050_	1	0
1932	1475_	1	0
1933	2051_	1	0
1934	3_	1	0
1935	2053_	1	0
1936	3_	1	0
1937	2054_	1	0
1938	2055_	1	0
1939	2056_	1	0
1940	2057_	1	0
1941	3_	1	0
1942	2059_	1	0
1943	2060_	1	0
1944	2061_	1	0
1945	2065_	1	0
1946	2066_	1	0
1947	157_	0	1
1948	2069_	1	0
1949	2071_	1	0
1950	2072_	1	0
1951	2074_	1	0
1952	2076_	1	0
1953	2077_	1	0
1954	2079_	1	0
1955	3_	1	0
1956	2080_	1	0
1957	2081_	1	0
1958	2082_	1	0
1959	2083_	1	0
1960	2084_	1	0
1961	567_	0	1
1962	2086_	1	0
1963	2087_	1	0
1963	2378_	0	1
1964	2089_	1	0
1965	2090_	1	0
1966	2091_	1	0
1967	2092_	1	0
1968	3_	1	0
1969	2093_	1	0
1970	2095_	1	0
1971	3_	1	0
1972	2097_	1	0
1973	2098_	1	0
1974	3_	1	0
1975	3_	1	0
1976	3_	0	1
1977	2099_	1	0
1978	2100_	1	0
1979	2101_	1	0
1980	3_	0	1
1981	3_	0	1
1982	3_	1	0
1983	2102_	1	0
1984	2103_	1	0
1985	2105_	1	0
1986	1159_	1	0
1987	3_	0	1
1988	2108_	1	0
1989	3_	1	0
1990	2110_	1	0
1991	827_	1	0
1992	3_	0	1
1993	3_	0	1
1994	2112_	1	0
1995	2113_	1	0
1996	2114_	1	0
1997	3_	2	0
1998	3_	1	0
1998	2115_	1	0
1999	3_	1	0
2000	2117_	1	0
2001	2118_	1	0
2002	3_	0	1
2003	2121_	1	0
2004	2122_	1	0
2005	3_	0	1
2006	2123_	1	0
2007	2124_	1	0
2008	2125_	1	0
2009	3_	0	1
2010	2126_	1	0
2011	2127_	1	0
2012	2129_	1	0
2013	2131_	1	0
2014	3_	0	1
2014	2132_	1	0
2014	2969_	1	0
2015	2133_	1	0
2016	2134_	1	0
2017	3_	1	0
2018	3_	1	0
2019	2137_	1	0
2020	3_	1	0
2021	2138_	1	0
2022	2139_	1	0
2023	3_	1	1
2024	2141_	1	0
2025	2143_	1	0
2026	2144_	1	0
2027	2145_	1	0
2028	2146_	1	0
2029	2147_	2	0
2030	2148_	1	0
2031	2149_	1	0
2032	3_	1	0
2033	2150_	1	0
2034	2151_	1	0
2035	2152_	1	0
2036	2153_	1	0
2037	2154_	1	0
2038	2155_	1	0
2039	2157_	1	0
2040	2158_	1	0
2041	2159_	1	0
2042	2160_	1	0
2043	2161_	1	0
2043	2925_	1	0
2044	2163_	1	0
2045	2165_	1	0
2046	2166_	1	0
2047	2167_	1	0
2048	2168_	1	0
2049	2169_	1	0
2050	3_	1	0
2051	2170_	1	0
2052	2171_	1	0
2053	3_	0	2
2054	3_	1	0
2055	3_	0	1
2056	3_	1	0
2057	2172_	1	0
2058	2173_	1	0
2059	3_	0	1
2060	3_	3	1
2060	2345_	0	1
2060	3399_	1	0
2061	2175_	1	0
2062	3_	0	1
2063	2176_	1	0
2064	1332_	1	0
2065	2177_	1	0
2066	2178_	1	0
2067	2179_	1	0
2068	3_	1	0
2069	2180_	1	0
2070	3_	1	0
2071	2185_	1	0
2072	2187_	1	0
2073	2189_	1	0
2074	2191_	1	0
2075	2192_	1	0
2076	2193_	1	0
2077	3_	1	0
2078	3_	1	0
2079	2196_	1	0
2080	2197_	1	0
2081	2198_	1	0
2082	2200_	1	0
2083	3_	1	0
2084	2203_	1	0
2085	2205_	1	0
2086	2206_	1	0
2087	2207_	1	0
2088	2208_	1	0
2089	3_	1	0
2090	2211_	1	0
2091	2213_	1	0
2092	2214_	1	0
2093	2216_	1	0
2094	2218_	1	0
2095	2219_	1	0
2096	2220_	1	0
2097	2221_	1	0
2098	2222_	1	0
2099	2223_	1	0
2100	3_	1	0
2101	3_	0	1
2102	2224_	1	0
2103	3_	0	1
2104	3_	1	0
2105	2225_	1	0
2106	2226_	1	0
2107	3_	1	0
2108	2227_	1	0
2109	2229_	1	0
2110	3_	0	1
2111	2232_	1	0
2112	2233_	1	0
2113	3_	0	1
2114	3_	1	0
2115	2235_	1	0
2116	2236_	1	0
2117	2237_	1	0
2118	2238_	1	0
2119	2240_	1	0
2120	2241_	1	0
2121	2242_	1	0
2122	2243_	1	0
2123	2245_	1	0
2124	3_	0	1
2124	2247_	1	0
2125	3_	0	1
2125	973_	1	0
2126	2250_	1	0
2127	2251_	1	0
2127	2340_	1	0
2128	2252_	1	0
2129	3_	0	1
2130	1367_	1	0
2131	3_	1	0
2132	2255_	1	0
2133	728_	1	0
2134	2256_	1	0
2135	2257_	1	0
2136	2258_	1	0
2137	2259_	1	0
2138	2260_	1	0
2139	2261_	1	0
2140	2262_	1	0
2141	2263_	1	0
2142	2264_	1	0
2143	2262_	1	0
2144	2265_	1	0
2145	2266_	1	0
2146	3_	1	0
2147	2267_	1	0
2148	2268_	1	0
2149	2269_	1	0
2150	2270_	1	0
2151	2271_	1	0
2152	2272_	1	0
2153	2274_	1	0
2154	2275_	1	0
2155	2276_	1	0
2156	2277_	1	0
2157	2278_	1	0
2158	2279_	1	0
2159	2281_	1	0
2160	3_	1	0
2161	3_	0	1
2162	3_	1	0
2163	2282_	1	0
2164	2283_	1	0
2165	2284_	1	0
2166	1502_	0	1
2167	2285_	1	0
2168	2286_	1	0
2169	2287_	1	0
2170	2288_	1	0
2171	2289_	1	0
2172	3_	0	1
2173	3_	1	0
2174	3_	1	0
2175	2291_	1	0
2176	3_	0	1
2177	2293_	1	0
2178	2294_	1	0
2179	3_	1	0
2180	2295_	1	0
2181	2296_	1	0
2182	2297_	1	0
2183	2298_	1	0
2184	2299_	1	0
2185	3_	0	1
2185	240_	0	1
2186	2300_	1	0
2187	2301_	1	0
2188	3_	1	0
2189	2302_	1	0
2190	2303_	1	0
2191	3_	1	0
2192	2304_	1	0
2193	2306_	1	0
2194	3_	1	0
2195	3_	0	2
2196	2307_	1	0
2197	2308_	1	0
2198	3_	1	0
2199	2310_	1	0
2200	3_	0	2
2201	2312_	1	0
2202	3_	0	1
2202	3316_	1	0
2203	2315_	1	0
2204	2318_	1	0
2205	2319_	1	0
2206	2322_	1	0
2207	2323_	1	0
2207	2547_	0	1
2208	2324_	1	0
2209	3_	0	1
2210	2325_	1	0
2210	3560_	1	0
2211	2326_	1	0
2212	226_	0	1
2213	2328_	1	0
2214	2329_	1	0
2215	2331_	1	0
2216	2332_	1	0
2217	2333_	1	0
2218	2334_	1	0
2219	2335_	1	0
2220	2336_	1	0
2221	2337_	1	0
2222	2338_	1	0
2223	2339_	1	0
2224	3_	0	1
2225	2342_	1	0
2226	2343_	1	0
2227	2346_	1	0
2228	2347_	1	0
2229	2348_	1	0
2230	2349_	1	0
2231	2350_	1	0
2232	3_	1	0
2233	3_	1	0
2234	2351_	1	0
2235	2352_	1	0
2236	3_	1	1
2237	2354_	1	0
2238	2355_	1	0
2239	2356_	1	0
2240	2357_	1	0
2241	2358_	1	0
2242	2359_	1	0
2243	2360_	1	0
2244	3_	0	1
2245	1881_	1	0
2246	2362_	1	0
2247	3_	1	0
2248	3_	1	0
2249	2365_	1	0
2250	3_	1	0
2251	3_	0	1
2252	2367_	1	0
2253	2368_	1	0
2254	2369_	1	1
2255	2370_	1	0
2256	2372_	1	0
2257	3_	1	0
2258	2374_	1	0
2259	3_	0	1
2260	3_	1	0
2260	2375_	1	0
2261	2376_	1	0
2262	2377_	1	0
2263	3_	0	1
2264	2381_	1	0
2265	2382_	1	0
2266	3_	0	2
2267	2384_	1	0
2268	2386_	1	0
2269	2387_	1	0
2270	2389_	1	0
2271	2390_	1	0
2272	2391_	1	0
2273	3_	0	1
2274	2393_	1	0
2275	2394_	1	0
2276	3_	1	1
2276	2395_	1	0
2276	3082_	1	0
2277	2396_	1	0
2278	3_	1	0
2279	2398_	1	0
2280	2399_	1	0
2281	2400_	1	0
2282	2402_	1	0
2283	2403_	1	0
2284	3_	0	1
2285	3_	1	0
2286	2405_	1	0
2287	3_	0	1
2288	2406_	1	0
2289	2407_	1	0
2290	2408_	1	0
2291	2409_	1	0
2292	2410_	1	0
2293	2411_	1	0
2294	2412_	1	0
2295	2415_	1	0
2296	2416_	1	0
2296	2807_	0	1
2297	2418_	1	0
2298	3_	1	0
2299	2419_	1	0
2300	2420_	1	0
2301	2421_	1	0
2302	3_	1	0
2303	2422_	1	0
2304	2423_	1	0
2305	2424_	1	0
2306	2425_	1	0
2307	2428_	1	0
2308	2430_	1	0
2309	3_	0	1
2310	3_	1	0
2311	2431_	1	0
2312	3_	0	1
2313	2432_	1	0
2314	2433_	1	0
2315	2434_	1	0
2316	2435_	1	0
2317	735_	0	1
2318	3_	1	0
2319	2436_	1	0
2320	2437_	1	0
2321	3_	0	1
2321	3267_	1	0
2322	2438_	1	0
2323	2441_	1	0
2324	3_	1	0
2325	2442_	1	0
2326	2443_	1	0
2327	2444_	1	0
2328	3_	0	1
2329	2445_	1	0
2330	2446_	1	0
2331	114_	0	1
2331	2448_	1	0
2332	2449_	1	0
2333	3_	1	0
2334	2452_	1	0
2335	3_	0	1
2336	2453_	1	0
2337	2454_	1	0
2338	2455_	1	0
2339	2456_	1	0
2340	2457_	1	0
2341	3_	0	1
2342	3_	1	0
2343	2458_	1	0
2344	2459_	1	0
2345	2460_	1	0
2346	2462_	1	0
2347	3_	1	0
2348	2464_	1	0
2349	2465_	1	0
2350	2466_	1	0
2351	2467_	1	0
2352	2468_	1	0
2353	3_	0	1
2354	2470_	1	0
2355	3_	1	0
2356	2471_	1	0
2357	2472_	1	0
2358	3_	0	1
2359	3_	1	0
2360	3_	1	1
2361	3_	1	0
2362	2476_	1	0
2363	2479_	1	0
2364	2480_	1	0
2365	3_	0	1
2366	2484_	1	0
2367	3_	1	0
2368	2488_	1	0
2369	2490_	1	0
2370	3_	0	1
2371	3_	0	1
2372	3_	0	1
2373	2493_	1	0
2374	2494_	1	0
2375	3_	1	0
2376	2497_	1	0
2377	2498_	1	0
2378	2499_	1	0
2379	2500_	1	0
2380	2502_	1	0
2381	2504_	1	0
2382	2507_	1	0
2383	2508_	1	0
2384	2510_	1	0
2385	2511_	1	0
2386	2512_	1	0
2387	2514_	1	0
2388	2515_	1	0
2389	3_	1	0
2390	2517_	1	0
2391	2518_	1	0
2392	3_	1	0
2393	2520_	1	0
2394	2522_	1	0
2395	2523_	1	0
2396	2526_	1	0
2397	2527_	1	0
2398	2528_	1	0
2399	2529_	1	0
2400	2530_	1	0
2401	2531_	1	0
2402	2532_	1	0
2403	2533_	1	0
2404	2534_	1	0
2405	3_	0	1
2406	2535_	1	0
2407	2536_	1	0
2408	3_	0	1
2408	2538_	1	0
2408	2541_	0	1
2408	2542_	1	0
2409	2539_	1	0
2410	2540_	1	0
2411	2545_	1	0
2412	3_	1	0
2413	2546_	1	0
2414	2548_	1	0
2415	2549_	1	0
2416	2550_	1	0
2417	2551_	1	0
2418	2552_	1	0
2419	2553_	1	0
2420	2555_	1	0
2421	2556_	1	0
2422	2557_	1	0
2423	2558_	1	0
2424	2559_	1	0
2425	2563_	1	0
2425	2564_	1	0
2426	3_	1	0
2427	3_	1	0
2428	2565_	1	0
2429	2501_	0	1
2430	2566_	1	0
2431	3_	2	0
2432	2567_	1	0
2433	3_	0	1
2434	2571_	1	0
2435	2572_	1	0
2436	2573_	1	0
2437	3_	0	1
2438	3_	1	0
2439	2577_	1	0
2439	2867_	0	1
2440	2579_	1	0
2441	2580_	1	0
2442	2581_	1	0
2443	2582_	1	0
2444	3_	1	0
2445	2585_	1	0
2446	2590_	1	0
2447	2578_	1	0
2448	2591_	1	0
2449	2585_	0	1
2450	3_	1	0
2451	2592_	1	0
2452	2593_	1	0
2453	971_	0	1
2454	2594_	1	0
2455	3_	0	1
2456	2595_	1	0
2457	2596_	1	0
2458	2597_	1	0
2459	2598_	1	0
2460	2599_	1	0
2461	2600_	1	0
2462	3_	1	0
2463	305_	1	0
2464	2601_	1	0
2465	2602_	1	0
2466	3_	0	1
2467	2603_	1	0
2468	2605_	1	0
2469	2606_	1	0
2470	2607_	1	0
2471	2608_	1	0
2472	3_	0	1
2472	2609_	1	0
2473	1732_	0	1
2473	3306_	1	0
2474	2614_	1	0
2475	2617_	1	0
2476	2619_	1	0
2477	2620_	1	0
2478	2622_	1	0
2479	2623_	1	0
2480	2624_	1	0
2481	2625_	1	0
2482	2626_	1	0
2483	2627_	1	0
2484	2629_	1	0
2485	2630_	1	0
2486	3_	0	1
2487	3_	1	0
2488	2631_	1	0
2489	2632_	1	0
2490	3_	1	0
2491	2634_	1	0
2492	3_	0	1
2493	2636_	1	0
2494	2637_	1	0
2495	2638_	1	0
2496	2639_	1	0
2497	2641_	1	0
2498	2644_	1	0
2499	2645_	1	0
2500	2646_	1	0
2501	2645_	1	0
2502	3_	0	1
2503	2647_	1	0
2504	2648_	1	0
2505	2650_	1	0
2506	2651_	1	0
2507	1880_	0	1
2508	2653_	1	0
2509	2654_	1	0
2510	2656_	1	0
2511	2657_	1	0
2512	2658_	1	0
2513	2659_	1	0
2514	2660_	1	0
2515	2661_	1	0
2516	2662_	1	0
2517	3_	1	0
2518	2664_	1	0
2519	2665_	1	0
2520	2668_	1	0
2521	2669_	1	0
2522	2670_	1	0
2523	1105_	0	1
2524	2671_	1	0
2525	2672_	1	0
2526	425_	0	1
2527	2675_	1	0
2528	3_	1	0
2529	3_	0	1
2530	923_	1	0
2531	2678_	1	0
2532	3_	0	1
2533	3_	1	0
2534	2679_	1	0
2535	2680_	1	0
2536	3_	0	1
2537	3_	1	0
2538	2682_	1	0
2539	2683_	1	0
2540	2684_	1	0
2541	2687_	1	0
2542	2689_	1	0
2543	3_	1	0
2544	2690_	1	0
2545	3_	1	0
2546	2693_	1	0
2547	2695_	1	0
2548	2697_	1	0
2549	3_	1	1
2550	2699_	1	0
2551	2701_	1	0
2552	3_	1	0
2552	3366_	1	0
2553	3_	0	1
2554	2704_	1	0
2555	3_	0	1
2556	2709_	1	0
2557	2710_	1	0
2558	2712_	1	0
2559	3_	0	1
2560	3_	1	0
2561	2713_	1	0
2562	3_	1	0
2563	3_	0	1
2564	2714_	1	0
2565	2715_	1	0
2566	2716_	1	0
2567	3_	0	1
2568	2718_	1	0
2569	2720_	1	0
2570	2721_	1	0
2571	2723_	1	0
2572	3_	1	0
2573	2724_	1	0
2574	1768_	1	0
2575	2725_	1	0
2576	2726_	1	0
2577	2727_	1	0
2578	3_	0	1
2579	2728_	1	0
2580	3_	0	1
2581	3_	1	1
2582	2730_	1	0
2582	2846_	0	1
2583	2732_	1	0
2584	3_	1	0
2585	2734_	1	0
2586	2736_	1	0
2587	2737_	1	0
2588	2738_	1	0
2589	2740_	1	0
2590	2026_	0	1
2591	3_	1	0
2592	3_	1	0
2593	2741_	1	0
2594	2744_	1	0
2595	2745_	1	0
2596	2746_	1	0
2597	3_	1	0
2598	3_	0	1
2599	2747_	1	0
2600	3_	0	1
2601	2748_	1	0
2602	3_	0	1
2603	2749_	1	0
2604	2750_	1	0
2605	3_	1	0
2606	2751_	1	0
2607	3_	1	0
2607	3025_	1	0
2608	2754_	1	0
2609	3_	0	1
2610	2757_	1	0
2611	2758_	1	0
2612	3_	0	1
2613	2759_	1	0
2614	2761_	1	0
2615	956_	0	1
2616	2762_	1	0
2617	917_	0	1
2618	2763_	1	0
2619	2764_	1	0
2620	2765_	1	0
2621	2767_	1	0
2622	3_	1	0
2623	2769_	1	0
2624	2770_	1	0
2625	2771_	1	0
2626	2772_	1	0
2627	2773_	1	0
2628	3_	1	0
2629	2775_	1	0
2630	2195_	1	0
2631	3_	0	1
2632	3_	1	1
2632	3010_	0	1
2633	2777_	1	0
2634	2778_	1	0
2635	2779_	1	0
2636	2782_	1	0
2637	2784_	1	0
2638	2785_	1	0
2639	2786_	1	0
2640	2788_	1	0
2641	2789_	1	0
2642	3_	1	0
2643	1812_	1	0
2644	2791_	1	0
2645	2794_	1	0
2646	2796_	1	0
2647	2797_	1	0
2648	2798_	1	0
2649	3_	0	1
2650	3_	0	1
2651	2800_	1	0
2652	2801_	1	0
2653	2802_	1	0
2654	2803_	1	0
2655	2804_	1	0
2656	2805_	1	0
2657	2806_	1	0
2658	2809_	1	0
2659	2811_	1	0
2660	2812_	1	0
2661	2813_	1	0
2662	2814_	1	0
2663	2815_	1	0
2664	2816_	2	0
2664	3597_	0	1
2665	507_	0	1
2666	2819_	1	0
2667	3_	0	1
2668	2820_	1	0
2669	3_	0	1
2670	3_	0	1
2671	2822_	1	0
2672	2823_	1	0
2673	2824_	1	0
2674	2826_	1	0
2675	3_	1	0
2676	2827_	1	0
2677	2828_	1	0
2678	2829_	1	0
2679	2830_	1	0
2680	2831_	1	0
2681	3_	0	1
2682	2833_	1	0
2682	2836_	1	0
2683	2834_	1	0
2684	3_	0	1
2685	3_	1	0
2686	2835_	1	0
2687	2837_	1	0
2688	3_	0	1
2689	2840_	1	0
2689	3000_	1	0
2690	2841_	1	0
2691	2843_	1	0
2692	865_	1	0
2693	2845_	1	0
2694	2847_	1	0
2695	2850_	1	0
2696	1541_	1	0
2697	2851_	1	0
2698	2852_	1	0
2699	3_	0	1
2700	2853_	1	0
2701	2854_	1	0
2702	3_	2	1
2703	2856_	1	0
2704	2858_	1	0
2705	2859_	1	0
2706	3_	0	1
2707	3_	1	0
2708	2860_	1	0
2709	3_	0	1
2710	2861_	1	0
2711	2862_	1	0
2712	3_	1	0
2713	3_	0	1
2714	2863_	1	0
2715	2864_	1	0
2716	3_	1	0
2717	2866_	1	0
2718	3_	1	0
2719	3_	0	1
2720	2868_	1	0
2721	2869_	1	0
2722	3_	0	1
2723	2870_	1	0
2724	2871_	1	0
2725	3_	0	1
2726	309_	1	0
2727	2874_	1	0
2728	2875_	1	0
2729	2876_	1	0
2730	815_	1	0
2731	2878_	1	0
2732	2879_	1	0
2733	2880_	1	0
2734	2881_	1	0
2735	3_	1	0
2736	2882_	1	0
2737	2883_	1	0
2738	2884_	1	0
2739	2885_	1	0
2740	3_	0	1
2741	2886_	1	0
2742	2887_	1	0
2743	2888_	1	0
2744	3_	1	0
2745	2889_	1	0
2746	2510_	1	0
2747	3_	0	1
2748	2891_	1	0
2749	2893_	1	0
2750	2894_	1	0
2751	2895_	1	0
2752	2896_	1	0
2753	2897_	1	0
2754	2899_	1	0
2755	2900_	1	0
2756	2901_	1	0
2757	2902_	1	0
2758	3_	0	1
2759	2903_	1	0
2760	2904_	1	0
2761	3_	0	1
2762	2906_	1	0
2763	2907_	1	0
2764	2908_	1	0
2765	2909_	1	0
2766	3_	1	0
2767	2911_	1	0
2768	2912_	1	0
2769	2913_	1	0
2770	2914_	1	0
2771	2915_	1	0
2772	2916_	1	0
2773	2917_	1	0
2774	2918_	1	0
2775	2919_	1	0
2776	2920_	1	0
2777	3_	0	1
2778	2921_	1	0
2779	3_	0	1
2780	2922_	1	0
2781	2924_	1	0
2782	3_	1	0
2783	3_	0	1
2784	3_	1	0
2785	3_	0	1
2786	2926_	1	0
2787	2927_	1	0
2788	2928_	1	0
2789	3_	1	0
2790	2934_	1	0
2791	2936_	1	0
2792	2937_	1	0
2793	2938_	1	0
2794	2027_	0	1
2795	3_	1	0
2796	2939_	1	0
2797	3_	0	1
2798	2940_	1	0
2799	3_	0	1
2800	2941_	1	0
2801	2942_	1	0
2802	2943_	1	0
2803	2944_	1	0
2804	3_	0	1
2805	2946_	1	0
2806	3_	1	0
2807	2949_	1	0
2808	2950_	1	0
2809	2951_	1	0
2810	2953_	1	0
2811	2954_	1	0
2812	2955_	1	0
2813	2956_	1	0
2814	3_	0	1
2815	2958_	1	0
2816	3_	0	1
2817	3_	0	1
2818	2963_	1	0
2819	2964_	1	0
2820	2965_	1	0
2821	3_	0	1
2822	2967_	1	0
2823	2968_	1	0
2824	2970_	1	0
2825	715_	1	0
2826	2971_	1	0
2827	2972_	1	0
2828	2973_	1	0
2829	2974_	1	0
2830	2975_	1	0
2831	3_	1	0
2832	2976_	1	0
2833	2977_	1	0
2834	2978_	1	0
2835	2979_	1	0
2836	2980_	1	0
2837	390_	1	0
2838	2981_	1	0
2839	3_	0	1
2840	2982_	1	0
2841	3_	0	1
2842	2983_	1	0
2843	2984_	1	0
2844	2985_	1	0
2845	569_	1	0
2845	2987_	1	0
2846	3_	1	0
2847	3_	0	1
2848	2991_	1	0
2849	2992_	2	0
2850	3_	0	1
2851	2994_	1	0
2852	3_	0	1
2853	242_	1	0
2854	2997_	1	0
2855	2998_	1	0
2856	3002_	1	0
2857	3003_	1	0
2858	3005_	1	0
2859	1266_	0	1
2860	3007_	1	0
2861	3_	0	1
2861	3009_	1	0
2862	3011_	1	0
2863	3012_	1	0
2864	3013_	1	0
2865	3_	1	0
2866	3015_	1	0
2867	3_	1	0
2868	3016_	1	0
2869	3_	0	1
2870	2983_	0	1
2871	3017_	1	0
2872	3019_	1	0
2873	3020_	1	0
2874	3_	0	1
2875	3021_	1	0
2876	2254_	1	0
2877	3024_	1	0
2878	2058_	0	1
2878	3512_	0	1
2878	3564_	1	0
2879	3026_	1	0
2880	3030_	1	0
2881	3_	1	0
2882	3031_	1	0
2883	3_	1	0
2884	3033_	1	0
2885	3036_	1	0
2886	3037_	1	0
2887	3038_	1	0
2888	3040_	1	0
2889	3_	1	0
2890	3042_	1	0
2891	3043_	1	0
2892	3044_	1	0
2893	3046_	1	0
2894	3_	0	1
2895	3048_	1	0
2896	3050_	1	0
2897	3051_	1	0
2898	3052_	1	0
2899	2003_	0	1
2900	3053_	1	0
2901	3_	1	0
2902	3_	1	0
2903	3055_	1	0
2904	3057_	1	0
2905	3058_	1	0
2906	3_	1	0
2907	3060_	1	0
2908	2566_	0	1
2908	3558_	1	0
2909	3061_	1	0
2910	3_	0	1
2911	3062_	1	0
2912	3063_	1	0
2913	3064_	1	0
2914	3066_	1	0
2915	3068_	1	0
2916	3_	0	1
2917	2869_	0	1
2918	3_	1	0
2919	3069_	1	0
2920	3_	1	0
2921	3071_	1	0
2922	3_	1	0
2923	3073_	1	0
2924	3074_	1	0
2925	3075_	1	0
2926	3076_	1	0
2927	2224_	1	0
2927	3077_	1	0
2928	226_	1	0
2929	3079_	1	0
2930	3_	0	1
2931	3080_	1	0
2932	3083_	1	0
2933	3084_	1	0
2934	3085_	1	0
2935	3086_	1	0
2936	3087_	1	0
2937	3088_	1	0
2938	3089_	1	0
2939	3090_	1	0
2940	3091_	1	0
2941	3092_	1	0
2942	3093_	1	0
2943	3095_	1	0
2944	3096_	1	0
2945	3097_	1	0
2946	3098_	1	0
2947	3099_	1	0
2948	3100_	1	0
2949	3101_	1	0
2950	3_	1	0
2950	3402_	0	1
2951	3104_	1	0
2952	3105_	1	0
2953	3_	1	0
2954	3106_	1	0
2955	1013_	1	0
2956	3107_	1	0
2956	3417_	1	0
2957	3108_	1	0
2958	3109_	1	0
2959	3_	0	1
2960	3111_	1	0
2961	3112_	1	0
2962	3_	0	1
2963	3_	0	1
2964	3_	0	1
2965	3113_	1	0
2966	3_	0	1
2967	3114_	1	0
2968	3_	1	0
2969	3_	1	0
2970	3116_	1	0
2971	3117_	1	0
2972	3118_	1	0
2973	1460_	1	0
2974	3121_	1	0
2975	3122_	1	0
2976	3123_	1	0
2977	3124_	1	0
2978	3125_	1	0
2979	3126_	1	0
2980	3127_	1	0
2981	3128_	1	0
2982	3129_	1	0
2983	3131_	1	0
2984	3_	1	0
2985	3_	0	1
2986	3132_	1	0
2987	3_	0	1
2988	3133_	1	0
2989	3134_	1	0
2990	3135_	1	0
2991	3_	0	1
2992	3137_	1	0
2993	3_	1	0
2994	3138_	1	0
2995	3139_	1	0
2996	3140_	1	0
2997	3141_	1	0
2998	3142_	1	0
2999	3144_	1	0
3000	3146_	1	0
3001	3147_	1	0
3002	3_	1	0
3003	3148_	1	0
3004	3149_	1	0
3005	3_	1	0
3006	3151_	1	0
3007	3152_	1	0
3008	3153_	1	0
3009	3154_	1	0
3010	3155_	1	0
3011	3158_	1	0
3012	3161_	1	0
3013	3162_	1	0
3014	3163_	1	0
3015	3_	1	0
3016	3165_	1	0
3017	3_	1	0
3018	3168_	1	0
3019	3169_	1	0
3020	3170_	1	0
3021	3171_	1	0
3022	3172_	1	0
3023	3_	0	1
3024	3173_	1	0
3025	3_	1	0
3026	3175_	1	0
3027	3176_	1	0
3028	3177_	1	0
3029	1137_	1	0
3030	3_	1	0
3031	3179_	1	0
3032	1533_	0	1
3033	3176_	1	0
3034	3182_	1	0
3035	3_	1	0
3036	3183_	1	0
3037	3184_	1	0
3038	3185_	1	0
3039	3_	1	0
3040	3186_	1	0
3041	3187_	1	0
3042	3188_	1	0
3043	456_	0	1
3044	3_	1	0
3045	3_	1	0
3046	3191_	1	0
3047	3192_	1	0
3048	3_	1	0
3049	3195_	1	0
3050	3196_	1	0
3051	3_	0	1
3052	3198_	1	0
3053	2500_	0	1
3054	3199_	1	0
3055	3200_	1	0
3056	3201_	1	0
3057	3203_	1	0
3058	3204_	1	0
3059	3205_	1	0
3060	3207_	1	0
3061	3208_	1	0
3062	3209_	1	0
3063	3_	1	0
3064	3_	0	1
3065	3211_	1	0
3066	3_	0	1
3067	3212_	1	0
3068	3213_	1	0
3069	3214_	1	0
3070	3215_	1	0
3070	3216_	1	0
3071	3_	1	0
3072	3217_	1	0
3073	3218_	1	0
3074	3219_	1	0
3075	3220_	1	0
3076	3_	0	1
3077	3221_	1	0
3078	3222_	1	0
3079	3_	0	1
3080	3_	1	0
3081	3223_	1	0
3082	3225_	1	0
3083	3226_	1	0
3084	3229_	1	0
3085	3230_	1	0
3086	3231_	1	0
3087	3232_	1	0
3088	3_	1	0
3089	3_	1	0
3090	3235_	1	0
3091	3236_	0	1
3092	3237_	1	0
3093	3_	0	1
3094	3238_	1	0
3095	3239_	1	0
3096	3240_	1	0
3097	3242_	1	0
3098	286_	0	1
3099	3244_	1	0
3100	3245_	1	0
3100	3250_	0	1
3101	3246_	1	0
3102	3248_	1	0
3103	3249_	1	0
3104	3251_	1	0
3105	3_	1	0
3106	3253_	1	0
3107	3254_	1	0
3108	3_	1	0
3109	2469_	1	0
3110	3256_	1	0
3111	3257_	1	0
3112	3258_	1	0
3113	3261_	1	0
3114	3262_	1	0
3114	3335_	0	1
3114	3342_	0	1
3115	3_	1	0
3115	3263_	1	0
3115	3265_	1	0
3115	3332_	1	0
3115	3348_	1	0
3116	3266_	1	0
3117	3_	0	1
3118	3269_	1	0
3119	3274_	1	0
3120	3275_	1	0
3121	2995_	0	1
3122	3_	0	1
3123	3278_	1	0
3124	3_	0	1
3125	3279_	1	0
3126	3280_	1	0
3127	3281_	1	0
3128	3_	0	1
3129	3282_	1	0
3130	3283_	1	0
3131	3284_	1	0
3132	3286_	1	0
3133	3_	1	0
3134	649_	1	0
3135	3_	0	1
3136	3290_	1	0
3137	3_	1	0
3138	3292_	1	0
3139	3293_	1	0
3140	829_	1	0
3141	3295_	1	0
3142	1433_	1	0
3143	3298_	1	0
3144	3299_	1	0
3145	3301_	1	0
3146	3302_	1	0
3147	3_	1	0
3148	3_	0	1
3149	3303_	1	0
3150	266_	1	0
3151	3305_	1	0
3152	3_	1	0
3153	3307_	1	0
3154	3308_	1	0
3155	3_	1	0
3156	3310_	1	0
3157	3_	1	0
3158	3_	1	0
3159	3311_	1	0
3160	3314_	1	0
3161	3315_	1	0
3162	3_	0	1
3163	3318_	1	0
3164	3320_	1	0
3165	3323_	1	0
3166	3324_	1	0
3167	3325_	1	0
3168	3_	0	1
3169	3_	0	1
3170	3_	1	0
3171	3_	0	1
3172	3_	0	1
3173	3329_	1	0
3174	3330_	1	0
3175	3_	1	0
3176	3331_	1	0
3177	3333_	1	0
3178	3334_	1	0
3179	3268_	0	1
3180	3338_	1	0
3181	3339_	1	0
3182	3340_	1	0
3183	3341_	1	0
3184	3_	0	1
3185	3_	1	0
3186	3_	0	1
3187	3_	0	1
3188	3_	1	0
3189	3_	0	1
3190	3_	0	1
3191	3345_	1	0
3192	3346_	1	0
3193	3347_	1	0
3194	3_	0	1
3195	3_	1	0
3196	3349_	1	0
3197	3080_	1	0
3198	3351_	1	0
3199	3352_	1	0
3199	3406_	0	1
3200	3353_	1	0
3201	3354_	1	0
3202	3355_	1	0
3203	3356_	1	0
3204	2403_	0	1
3205	3359_	1	0
3206	2403_	1	0
3207	3361_	1	0
3208	3_	1	0
3209	3_	1	0
3210	3363_	1	0
3211	1749_	0	1
3212	3365_	1	0
3213	3367_	1	0
3214	2741_	0	1
3215	3369_	1	0
3216	1767_	0	1
3217	3_	0	1
3218	3371_	1	0
3219	3372_	1	0
3220	3373_	1	0
3221	3376_	1	0
3222	3_	1	0
3222	3377_	1	0
3223	3378_	1	0
3224	3_	1	0
3225	3380_	1	0
3226	3_	0	1
3227	3381_	1	0
3228	3_	1	0
3229	3385_	1	0
3230	3386_	1	0
3231	3388_	1	0
3232	3390_	1	0
3233	3391_	1	0
3234	3393_	1	0
3235	3394_	1	0
3236	3395_	1	0
3237	1593_	1	0
3238	3396_	1	0
3239	3397_	1	0
3240	3398_	1	0
3241	3_	0	1
3242	3400_	1	0
3243	3_	0	1
3244	3401_	1	0
3245	3403_	1	0
3246	3_	1	0
3247	3408_	1	0
3248	3409_	1	0
3249	3411_	1	0
3250	622_	0	1
3250	3414_	1	0
3251	3415_	1	0
3252	3416_	1	0
3253	3418_	1	0
3254	3419_	1	0
3255	3420_	1	0
3256	3421_	1	0
3257	3422_	1	0
3258	3_	0	1
3259	3423_	1	0
3260	3424_	1	0
3261	3425_	1	0
3262	3_	0	1
3263	3426_	1	0
3264	3427_	1	0
3265	3428_	1	0
3266	3429_	1	0
3267	3430_	1	0
3268	3_	0	1
3269	3_	1	0
3270	3431_	1	0
3271	3433_	1	0
3272	3434_	1	0
3273	3_	0	1
3274	3435_	1	0
3275	3436_	1	0
3276	3438_	1	0
3277	3_	1	0
3278	2897_	1	0
3279	3439_	1	0
3280	3440_	1	0
3281	3441_	1	0
3282	3442_	1	0
3283	3443_	1	0
3284	3445_	1	0
3285	3446_	1	0
3286	3447_	1	0
3287	3448_	1	0
3288	3449_	1	0
3289	3_	0	1
3290	3_	1	0
3291	3450_	1	0
3292	3452_	1	0
3293	3455_	1	0
3294	3457_	1	0
3295	3459_	1	0
3296	3460_	1	0
3297	3462_	1	0
3298	3_	0	1
3299	3466_	1	0
3300	3468_	1	0
3301	3469_	1	0
3302	3471_	1	0
3303	3473_	1	0
3304	3474_	1	0
3305	3_	1	0
3306	3476_	1	0
3307	3478_	1	0
3308	3479_	1	0
3309	3_	1	0
3310	3482_	1	0
3311	3484_	1	0
3312	3_	0	1
3313	3485_	1	0
3314	3_	0	1
3315	3487_	1	0
3316	3_	1	0
3317	3488_	1	0
3318	3_	0	1
3319	3489_	1	0
3320	3_	1	0
3321	3490_	1	0
3322	3492_	1	0
3323	3493_	1	0
3324	3494_	1	0
3325	3495_	1	0
3326	3497_	1	0
3327	3499_	1	0
3328	3_	0	1
3329	3500_	1	0
3330	3501_	1	0
3331	3502_	1	0
3332	3503_	1	0
3333	3504_	1	0
3334	3505_	1	0
3335	1483_	1	0
3336	3506_	1	0
3337	3507_	1	0
3338	3508_	1	0
3339	3509_	1	0
3340	3510_	1	0
3341	3511_	1	0
3342	1881_	1	0
3343	3513_	1	0
3344	3_	1	0
3345	3515_	1	0
3346	3516_	1	0
3347	3518_	1	0
3348	3519_	1	0
3349	3520_	1	0
3350	3521_	1	0
3351	3522_	1	0
3352	3523_	1	0
3353	3524_	1	0
3354	3525_	1	0
3355	3527_	1	0
3356	3528_	1	0
3357	3530_	1	0
3358	3531_	1	0
3359	3_	1	0
3360	3532_	1	0
3361	3534_	1	0
3362	3535_	1	0
3363	334_	0	1
3364	3537_	1	0
3365	3_	1	0
3366	3539_	1	0
3367	3540_	1	0
3368	3541_	1	0
3369	3542_	1	0
3370	3543_	1	0
3371	3544_	1	0
3372	2566_	1	0
3373	3545_	1	0
3374	3546_	1	0
3375	3547_	1	0
3376	3548_	1	0
3377	3549_	1	0
3378	3_	1	0
3379	3550_	1	0
3380	3551_	1	0
3381	3552_	1	0
3382	3553_	1	0
3383	3554_	1	0
3384	3556_	1	0
3385	3557_	1	0
3386	3559_	1	0
3387	3561_	1	0
3388	3562_	1	0
3389	3563_	1	0
3390	3_	0	1
3391	3565_	1	0
3392	3566_	1	0
3393	3567_	1	0
3394	2566_	1	0
3395	3568_	1	0
3396	3569_	1	0
3397	3570_	1	0
3398	3531_	0	1
3399	3572_	1	0
3400	3574_	1	0
3401	3575_	1	0
3402	3576_	1	0
3403	3577_	1	0
3404	3578_	1	0
3405	3579_	1	0
3406	3580_	1	0
3407	3582_	1	0
3408	3583_	1	0
3409	3_	0	1
3410	3587_	1	0
3411	3588_	1	0
3412	3589_	1	0
3413	3590_	1	0
3414	3591_	1	0
3415	3592_	1	0
3416	3593_	1	0
3417	3_	1	0
3418	3594_	1	0
3419	3595_	1	0
3420	3596_	1	0
3421	3599_	1	0
3422	3600_	1	0
3423	1360_	1	0
